# Retrieved Pulse - Time Domain (Full Field)
# Time (fs)	Real(E)	Imag(E)	Normalized Intensity
# # Note: This is the time-domain electric field E(t).
# # To compare the spectrum with the GUI (I(lambda)), calculate |FFT(E)|^2 / lambda^2.
-5.219651e+02	-1.769114e-02	-1.696996e-03	3.158561e-04
-5.211177e+02	-1.375854e-02	6.990301e-03	2.381617e-04
-5.202702e+02	-2.226468e-02	4.466391e-03	5.156648e-04
-5.194227e+02	-2.357401e-02	-8.770632e-03	6.326578e-04
-5.185752e+02	-1.361955e-02	-1.827993e-02	5.196481e-04
-5.177278e+02	-2.859558e-03	-1.739789e-02	3.108637e-04
-5.168803e+02	6.607993e-04	-1.298324e-02	1.690012e-04
-5.160328e+02	8.551607e-04	-1.328482e-02	1.772178e-04
-5.151853e+02	5.771577e-03	-1.628049e-02	2.983654e-04
-5.143379e+02	1.465727e-02	-1.366140e-02	4.014694e-04
-5.134904e+02	1.827152e-02	-4.796033e-03	3.568503e-04
-5.126429e+02	1.493153e-02	7.203406e-04	2.234696e-04
-5.117954e+02	1.399713e-02	9.382745e-04	1.968001e-04
-5.109480e+02	1.765290e-02	4.346874e-03	3.305200e-04
-5.101005e+02	1.726612e-02	1.364117e-02	4.842005e-04
-5.092530e+02	9.032825e-03	1.933620e-02	4.554806e-04
-5.084055e+02	2.432000e-03	1.752461e-02	3.130264e-04
-5.075580e+02	9.631321e-04	1.700570e-02	2.901216e-04
-5.067106e+02	-3.262338e-03	2.067609e-02	4.381437e-04
-5.058631e+02	-1.308677e-02	2.012263e-02	5.761839e-04
-5.050156e+02	-1.872745e-02	1.171313e-02	4.879149e-04
-5.041681e+02	-1.701398e-02	5.706291e-03	3.220374e-04
-5.033207e+02	-1.753942e-02	5.093114e-03	3.335712e-04
-5.024732e+02	-2.301465e-02	8.903871e-04	5.304668e-04
-5.016257e+02	-2.379944e-02	-9.889724e-03	6.642200e-04
-5.007782e+02	-1.610035e-02	-1.646865e-02	5.304376e-04
-4.999308e+02	-1.099233e-02	-1.606404e-02	3.788848e-04
-4.990833e+02	-1.082680e-02	-1.878889e-02	4.702422e-04
-4.982358e+02	-5.544318e-03	-2.665967e-02	7.414776e-04
-4.973883e+02	7.417474e-03	-2.825215e-02	8.532029e-04
-4.965409e+02	1.543184e-02	-1.993324e-02	6.354756e-04
-4.956934e+02	1.550648e-02	-1.437042e-02	4.469600e-04
-4.948459e+02	1.862462e-02	-1.435248e-02	5.528704e-04
-4.939984e+02	2.720008e-02	-9.180137e-03	8.241195e-04
-4.931510e+02	2.904594e-02	3.803680e-03	8.581344e-04
-4.923035e+02	2.123566e-02	1.125923e-02	5.777233e-04
-4.914560e+02	1.738554e-02	1.091402e-02	4.213728e-04
-4.906085e+02	1.975788e-02	1.506525e-02	6.173354e-04
-4.897611e+02	1.589348e-02	2.620262e-02	9.391799e-04
-4.889136e+02	2.399158e-03	3.027226e-02	9.221656e-04
-4.880661e+02	-6.157244e-03	2.383139e-02	6.058466e-04
-4.872186e+02	-6.689400e-03	2.092357e-02	4.825439e-04
-4.863712e+02	-1.173622e-02	2.442662e-02	7.343987e-04
-4.855237e+02	-2.433327e-02	2.148193e-02	1.053582e-03
-4.846762e+02	-2.995202e-02	8.082994e-03	9.624584e-04
-4.838287e+02	-2.506773e-02	-1.008749e-03	6.294085e-04
-4.829813e+02	-2.322398e-02	-2.418373e-03	5.452018e-04
-4.821338e+02	-2.734710e-02	-8.249209e-03	8.159135e-04
-4.812863e+02	-2.472389e-02	-2.130364e-02	1.065116e-03
-4.804388e+02	-1.184734e-02	-2.700682e-02	8.697277e-04
-4.795914e+02	-3.812309e-03	-2.277570e-02	5.332663e-04
-4.787439e+02	-3.445861e-03	-2.232006e-02	5.100591e-04
-4.778964e+02	1.904241e-03	-2.842776e-02	8.117634e-04
-4.770489e+02	1.522652e-02	-2.771541e-02	9.999906e-04
-4.762015e+02	2.180202e-02	-1.664033e-02	7.522287e-04
-4.753540e+02	1.938597e-02	-1.020334e-02	4.799241e-04
-4.745065e+02	2.140446e-02	-1.060039e-02	5.705191e-04
-4.736590e+02	2.993024e-02	-4.741407e-03	9.183003e-04
-4.728116e+02	3.031940e-02	9.878490e-03	1.016850e-03
-4.719641e+02	1.946102e-02	1.722603e-02	6.754674e-04
-4.711166e+02	1.370865e-02	1.475450e-02	4.056222e-04
-4.702691e+02	1.604138e-02	1.708168e-02	5.491097e-04
-4.694217e+02	1.213738e-02	2.763415e-02	9.109625e-04
-4.685742e+02	-2.407558e-03	3.065183e-02	9.453309e-04
-4.677267e+02	-1.111994e-02	2.141059e-02	5.820666e-04
-4.668792e+02	-9.401799e-03	1.606672e-02	3.465335e-04
-4.660318e+02	-1.148206e-02	1.948125e-02	5.113567e-04
-4.651843e+02	-2.269091e-02	1.767758e-02	8.273741e-04
-4.643368e+02	-2.765543e-02	4.129088e-03	7.818721e-04
-4.634893e+02	-1.987008e-02	-5.145353e-03	4.212948e-04
-4.626418e+02	-1.455764e-02	-3.113127e-03	2.216165e-04
-4.617944e+02	-1.934347e-02	-3.040594e-03	3.834152e-04
-4.609469e+02	-2.169139e-02	-1.348447e-02	6.523471e-04
-4.600994e+02	-1.164744e-02	-2.165857e-02	6.047564e-04
-4.592519e+02	-1.847604e-03	-1.819298e-02	3.343983e-04
-4.584045e+02	-1.523552e-03	-1.391902e-02	1.960603e-04
-4.575570e+02	-1.579007e-03	-1.775835e-02	3.178524e-04
-4.567095e+02	7.283773e-03	-2.097984e-02	4.932070e-04
-4.558620e+02	1.609723e-02	-1.317434e-02	4.326840e-04
-4.550146e+02	1.459464e-02	-3.323178e-03	2.240471e-04
-4.541671e+02	9.516239e-03	-1.704002e-03	9.346242e-05
-4.533196e+02	1.081306e-02	-3.658881e-03	1.303097e-04
-4.524721e+02	1.493154e-02	6.406561e-04	2.233614e-04
-4.516247e+02	1.214532e-02	8.208547e-03	2.148890e-04
-4.507772e+02	5.127405e-03	1.006337e-02	1.275617e-04
-4.499297e+02	1.868361e-03	7.212012e-03	5.550389e-05
-4.490822e+02	2.628223e-03	6.694216e-03	5.172008e-05
-4.482348e+02	9.649453e-04	9.423113e-03	8.972618e-05
-4.473873e+02	-4.433610e-03	9.501099e-03	1.099278e-04
-4.465398e+02	-8.377650e-03	5.031417e-03	9.550018e-05
-4.456923e+02	-7.761701e-03	-1.032679e-04	6.025467e-05
-4.448449e+02	-4.840882e-03	-1.969789e-03	2.731421e-05
-4.439974e+02	-3.716151e-03	-1.124573e-03	1.507444e-05
-4.431499e+02	-5.292795e-03	-1.423701e-03	3.004060e-05
-4.423024e+02	-6.110561e-03	-5.016376e-03	6.250299e-05
-4.414550e+02	-2.782736e-03	-9.015111e-03	8.901585e-05
-4.406075e+02	2.810515e-03	-8.774012e-03	8.488228e-05
-4.397600e+02	4.997351e-03	-4.737422e-03	4.741669e-05
-4.389125e+02	3.268888e-03	-2.958906e-03	1.944076e-05
-4.380651e+02	3.471554e-03	-4.769909e-03	3.480373e-05
-4.372176e+02	7.630275e-03	-4.521633e-03	7.866627e-05
-4.363701e+02	9.871914e-03	8.406456e-04	9.816138e-05
-4.355226e+02	5.680429e-03	5.163601e-03	5.893005e-05
-4.346752e+02	1.284424e-03	3.057070e-03	1.099542e-05
-4.338277e+02	2.908351e-03	-3.497451e-04	8.580825e-06
-4.329802e+02	6.758023e-03	1.832699e-03	4.902966e-05
-4.321327e+02	5.234215e-03	6.999138e-03	7.638494e-05
-4.312853e+02	-7.311332e-05	7.119150e-03	5.068765e-05
-4.304378e+02	-1.450843e-03	3.352022e-03	1.334100e-05
-4.295903e+02	9.463104e-04	2.603047e-03	7.671356e-06
-4.287428e+02	7.312252e-04	5.400480e-03	2.969987e-05
-4.278954e+02	-3.044860e-03	5.218055e-03	3.649927e-05
-4.270479e+02	-3.519108e-03	9.559612e-04	1.329798e-05
-4.262004e+02	4.914737e-04	-1.717121e-04	2.710314e-07
-4.253529e+02	2.123579e-03	3.903476e-03	1.974671e-05
-4.245055e+02	-1.859727e-03	6.658911e-03	4.779968e-05
-4.236580e+02	-5.172082e-03	3.687984e-03	4.035166e-05
-4.228105e+02	-3.140675e-03	9.821735e-04	1.082851e-05
-4.219630e+02	-1.460512e-03	3.216371e-03	1.247813e-05
-4.211156e+02	-4.967723e-03	5.352834e-03	5.333110e-05
-4.202681e+02	-8.959624e-03	1.879184e-03	8.380618e-05
-4.194206e+02	-6.821315e-03	-2.612766e-03	5.335689e-05
-4.185731e+02	-3.378034e-03	-1.196903e-03	1.284369e-05
-4.177256e+02	-5.926085e-03	1.659196e-03	3.787142e-05
-4.168782e+02	-1.089542e-02	-1.826144e-03	1.220451e-04
-4.160307e+02	-9.578103e-03	-9.207415e-03	1.765165e-04
-4.151832e+02	-3.188976e-03	-1.091935e-02	1.294017e-04
-4.143357e+02	-8.590292e-04	-7.912917e-03	6.335219e-05
-4.134883e+02	-2.370535e-03	-8.314215e-03	7.474560e-05
-4.126408e+02	-3.395882e-04	-1.240872e-02	1.540915e-04
-4.117933e+02	5.873439e-03	-1.280273e-02	1.984072e-04
-4.109458e+02	8.747011e-03	-8.707739e-03	1.523349e-04
-4.100984e+02	8.580662e-03	-7.163848e-03	1.249485e-04
-4.092509e+02	1.157231e-02	-7.440737e-03	1.892830e-04
-4.084034e+02	1.655627e-02	-3.231411e-03	2.845520e-04
-4.075559e+02	1.607933e-02	4.089184e-03	2.752663e-04
-4.067085e+02	1.182600e-02	6.176925e-03	1.780087e-04
-4.058610e+02	1.251499e-02	5.908259e-03	1.915326e-04
-4.050135e+02	1.489403e-02	1.191455e-02	3.637886e-04
-4.041660e+02	9.036231e-03	2.080327e-02	5.144293e-04
-4.033186e+02	-2.115571e-03	2.001242e-02	4.049728e-04
-4.024711e+02	-4.105457e-03	1.225506e-02	1.670412e-04
-4.016236e+02	7.179967e-04	1.318772e-02	1.744316e-04
-4.007761e+02	-3.411414e-03	2.200340e-02	4.957873e-04
-3.999287e+02	-1.792363e-02	2.201605e-02	8.059630e-04
-3.990812e+02	-2.478167e-02	9.035139e-03	6.957648e-04
-3.982337e+02	-1.899711e-02	8.381115e-04	3.615925e-04
-3.973862e+02	-1.692968e-02	2.978565e-03	2.954860e-04
-3.965388e+02	-2.462094e-02	8.442403e-04	6.069034e-04
-3.956913e+02	-2.757532e-02	-1.273977e-02	9.226996e-04
-3.948438e+02	-1.671859e-02	-2.261345e-02	7.908794e-04
-3.939963e+02	-6.852865e-03	-2.010085e-02	4.510060e-04
-3.931489e+02	-6.550997e-03	-1.780663e-02	3.599918e-04
-3.923014e+02	-5.090844e-03	-2.384006e-02	5.942652e-04
-3.914539e+02	5.708896e-03	-2.766548e-02	7.979701e-04
-3.906064e+02	1.474379e-02	-2.063321e-02	6.431085e-04
-3.897590e+02	1.503130e-02	-1.427466e-02	4.297059e-04
-3.889115e+02	1.680598e-02	-1.459660e-02	4.955018e-04
-3.880640e+02	2.553851e-02	-1.154301e-02	7.854563e-04
-3.872165e+02	2.991992e-02	1.007158e-03	8.962158e-04
-3.863691e+02	2.287750e-02	1.071163e-02	6.381187e-04
-3.855216e+02	1.714432e-02	1.111084e-02	4.173785e-04
-3.846741e+02	1.885782e-02	1.333034e-02	5.333151e-04
-3.838266e+02	1.721468e-02	2.359324e-02	8.529861e-04
-3.829792e+02	4.903652e-03	3.014114e-02	9.325344e-04
-3.821317e+02	-6.084424e-03	2.510539e-02	6.673008e-04
-3.812842e+02	-8.428193e-03	1.981610e-02	4.637121e-04
-3.804367e+02	-1.138082e-02	2.072195e-02	5.589222e-04
-3.795893e+02	-2.079941e-02	1.891291e-02	7.903136e-04
-3.787418e+02	-2.655337e-02	8.203811e-03	7.723839e-04
-3.778943e+02	-2.304565e-02	-6.531413e-04	5.315285e-04
-3.770468e+02	-2.060738e-02	-2.641408e-03	4.316411e-04
-3.761993e+02	-2.357715e-02	-6.952373e-03	6.042173e-04
-3.753519e+02	-2.239350e-02	-1.783790e-02	8.196597e-04
-3.745044e+02	-1.200434e-02	-2.437888e-02	7.384339e-04
-3.736569e+02	-3.661505e-03	-2.214777e-02	5.039302e-04
-3.728094e+02	-1.551576e-03	-2.125643e-02	4.542432e-04
-3.719620e+02	3.372598e-03	-2.537125e-02	6.550747e-04
-3.711145e+02	1.475650e-02	-2.500398e-02	8.429532e-04
-3.702670e+02	2.215775e-02	-1.586948e-02	7.428062e-04
-3.694195e+02	2.232893e-02	-8.065602e-03	5.636351e-04
-3.685721e+02	2.339964e-02	-4.185154e-03	5.650588e-04
-3.677246e+02	2.659850e-02	2.926426e-03	7.160441e-04
-3.668771e+02	2.366274e-02	1.321296e-02	7.345077e-04
-3.660296e+02	1.550630e-02	1.663078e-02	5.170280e-04
-3.651822e+02	1.318208e-02	1.597095e-02	4.288385e-04
-3.643347e+02	1.340795e-02	2.206594e-02	6.666787e-04
-3.634872e+02	4.102695e-03	3.127523e-02	9.949722e-04
-3.626397e+02	-1.143684e-02	2.841452e-02	9.381861e-04
-3.617923e+02	-1.550044e-02	1.607093e-02	4.985387e-04
-3.609448e+02	-1.026007e-02	1.319367e-02	2.793419e-04
-3.600973e+02	-1.397916e-02	1.944223e-02	5.734172e-04
-3.592498e+02	-2.841829e-02	1.612957e-02	1.067762e-03
-3.584024e+02	-3.338101e-02	-1.184389e-03	1.115695e-03
-3.575549e+02	-2.285301e-02	-1.245430e-02	6.773695e-04
-3.567074e+02	-1.507859e-02	-1.053344e-02	3.383173e-04
-3.558599e+02	-1.809907e-02	-1.035946e-02	4.348948e-04
-3.550125e+02	-1.860847e-02	-2.061758e-02	7.713599e-04
-3.541650e+02	-6.946039e-03	-2.816555e-02	8.415456e-04
-3.533175e+02	4.758463e-03	-2.394719e-02	5.961109e-04
-3.524700e+02	7.789650e-03	-1.760504e-02	3.706161e-04
-3.516226e+02	8.870117e-03	-1.689357e-02	3.640716e-04
-3.507751e+02	1.456824e-02	-1.640536e-02	4.813696e-04
-3.499276e+02	1.953688e-02	-1.065360e-02	4.951889e-04
-3.490801e+02	2.077735e-02	-4.558693e-03	4.524799e-04
-3.482327e+02	2.201047e-02	7.202413e-04	4.849797e-04
-3.473852e+02	2.230768e-02	8.614914e-03	5.718494e-04
-3.465377e+02	1.671471e-02	1.640757e-02	5.485897e-04
-3.456902e+02	9.043374e-03	1.691261e-02	3.678191e-04
-3.448428e+02	7.709858e-03	1.560147e-02	3.028477e-04
-3.439953e+02	6.973100e-03	2.115763e-02	4.962695e-04
-3.431478e+02	-3.210936e-03	2.745653e-02	7.641712e-04
-3.423003e+02	-1.670340e-02	2.135442e-02	7.350146e-04
-3.414529e+02	-1.741652e-02	8.328522e-03	3.726994e-04
-3.406054e+02	-1.017039e-02	6.129078e-03	1.410024e-04
-3.397579e+02	-1.257464e-02	1.239504e-02	3.117587e-04
-3.389104e+02	-2.484905e-02	9.050877e-03	6.993934e-04
-3.380630e+02	-2.763373e-02	-7.044586e-03	8.132493e-04
-3.372155e+02	-1.545382e-02	-1.667053e-02	5.167272e-04
-3.363680e+02	-5.707285e-03	-1.239980e-02	1.863280e-04
-3.355205e+02	-7.686856e-03	-7.775495e-03	1.195461e-04
-3.346731e+02	-1.092045e-02	-1.309356e-02	2.906976e-04
-3.338256e+02	-4.764076e-03	-1.983474e-02	4.161133e-04
-3.329781e+02	4.414062e-03	-1.883293e-02	3.741634e-04
-3.321306e+02	9.286314e-03	-1.397083e-02	2.814197e-04
-3.312831e+02	1.146951e-02	-1.017448e-02	2.350696e-04
-3.304357e+02	1.341205e-02	-6.137323e-03	2.175497e-04
-3.295882e+02	1.238026e-02	-1.349505e-03	1.550921e-04
-3.287407e+02	1.000158e-02	-1.665634e-04	1.000594e-04
-3.278932e+02	1.169773e-02	-1.720186e-04	1.368664e-04
-3.270458e+02	1.478393e-02	5.288597e-03	2.465339e-04
-3.261983e+02	1.038743e-02	1.399763e-02	3.038323e-04
-3.253508e+02	-8.168289e-04	1.444935e-02	2.094510e-04
-3.245033e+02	-5.579226e-03	5.555620e-03	6.199267e-05
-3.236559e+02	3.870664e-04	1.225842e-04	1.648473e-07
-3.228084e+02	5.910653e-03	5.735161e-03	6.782789e-05
-3.219609e+02	4.821510e-04	1.357777e-02	1.845884e-04
-3.211134e+02	-1.025001e-02	1.127109e-02	2.321000e-04
-3.202660e+02	-1.382408e-02	7.079957e-04	1.916064e-04
-3.194185e+02	-7.507089e-03	-7.059950e-03	1.061993e-04
-3.185710e+02	5.774046e-04	-5.550418e-03	3.114053e-05
-3.177235e+02	1.810751e-03	1.141326e-03	4.581444e-06
-3.168761e+02	-4.183698e-03	3.991480e-03	3.343524e-05
-3.160286e+02	-9.551646e-03	-1.571944e-03	9.370495e-05
-3.151811e+02	-6.366396e-03	-1.002929e-02	1.411176e-04
-3.143336e+02	3.282962e-03	-1.104569e-02	1.327850e-04
-3.134862e+02	7.695776e-03	-2.413519e-03	6.505005e-05
-3.126387e+02	6.490756e-04	3.907843e-03	1.569254e-05
-3.117912e+02	-7.220857e-03	-2.033950e-03	5.627772e-05
-3.109437e+02	-2.878863e-03	-1.249342e-02	1.643735e-04
-3.100963e+02	9.797212e-03	-1.178499e-02	2.348714e-04
-3.092488e+02	1.324806e-02	8.294989e-04	1.761991e-04
-3.084013e+02	2.832197e-03	7.718914e-03	6.760298e-05
-3.075538e+02	-5.893737e-03	1.113780e-04	3.474854e-05
-3.067064e+02	-6.955782e-04	-1.000275e-02	1.005388e-04
-3.058589e+02	1.039791e-02	-7.889294e-03	1.703574e-04
-3.050114e+02	1.148195e-02	2.330852e-03	1.372680e-04
-3.041639e+02	3.699541e-03	5.895434e-03	4.844274e-05
-3.033165e+02	-3.947280e-04	6.444710e-04	5.711531e-07
-3.024690e+02	3.762689e-03	-3.497003e-03	2.638686e-05
-3.016215e+02	8.745775e-03	-7.584533e-04	7.706383e-05
-3.007740e+02	8.973353e-03	3.954338e-03	9.615785e-05
-2.999266e+02	6.925640e-03	7.121122e-03	9.867488e-05
-2.990791e+02	3.977591e-03	9.304994e-03	1.024041e-04
-2.982316e+02	-1.606515e-04	9.452418e-03	8.937402e-05
-2.973841e+02	-2.131230e-03	5.845926e-03	3.871699e-05
-2.965367e+02	1.901461e-03	4.058960e-03	2.009072e-05
-2.956892e+02	4.441156e-03	1.064621e-02	1.330657e-04
-2.948417e+02	-3.927151e-03	1.796512e-02	3.381679e-04
-2.939942e+02	-1.703320e-02	1.280207e-02	4.540228e-04
-2.931468e+02	-1.752878e-02	-1.892990e-03	3.108415e-04
-2.922993e+02	-4.885824e-03	-6.134775e-03	6.150675e-05
-2.914518e+02	1.623778e-04	4.826490e-03	2.332137e-05
-2.906043e+02	-1.203297e-02	1.193254e-02	2.871778e-04
-2.897569e+02	-2.518357e-02	3.813276e-04	6.343578e-04
-2.889094e+02	-1.992587e-02	-1.759218e-02	7.065253e-04
-2.880619e+02	-3.234594e-03	-2.145620e-02	4.708313e-04
-2.872144e+02	5.688441e-03	-1.175480e-02	1.705336e-04
-2.863669e+02	1.552247e-03	-3.966500e-03	1.814259e-05
-2.855195e+02	-5.009224e-03	-7.012837e-03	7.427221e-05
-2.846720e+02	-3.832966e-03	-1.574985e-02	2.627493e-04
-2.838245e+02	6.642970e-03	-2.125459e-02	4.958866e-04
-2.829770e+02	2.047644e-02	-1.601468e-02	6.757547e-04
-2.821296e+02	2.606421e-02	-5.445671e-04	6.796395e-04
-2.812821e+02	1.666880e-02	1.247852e-02	4.335623e-04
-2.804346e+02	3.083111e-03	9.123708e-03	9.274762e-05
-2.795871e+02	4.770878e-03	-2.966213e-03	3.155969e-05
-2.787397e+02	1.966044e-02	-1.834932e-03	3.898997e-04
-2.778922e+02	2.514356e-02	1.718592e-02	9.275546e-04
-2.770447e+02	9.475510e-03	3.279985e-02	1.165615e-03
-2.761972e+02	-1.025230e-02	2.813702e-02	8.968018e-04
-2.753498e+02	-1.591897e-02	1.421560e-02	4.554968e-04
-2.745023e+02	-1.111179e-02	7.612764e-03	1.814261e-04
-2.736548e+02	-8.777461e-03	9.835506e-03	1.737810e-04
-2.728073e+02	-1.252482e-02	1.257221e-02	3.149316e-04
-2.719599e+02	-2.023681e-02	1.199392e-02	5.533828e-04
-2.711124e+02	-2.996883e-02	3.616558e-03	9.112103e-04
-2.702649e+02	-3.184004e-02	-1.437490e-02	1.220426e-03
-2.694174e+02	-1.690998e-02	-2.949257e-02	1.155759e-03
-2.685700e+02	3.590091e-03	-2.364499e-02	5.719742e-04
-2.677225e+02	3.993023e-03	-4.994292e-03	4.088719e-05
-2.668750e+02	-1.383069e-02	-3.509959e-03	2.036078e-04
-2.660275e+02	-1.930263e-02	-2.543217e-02	1.019387e-03
-2.651801e+02	2.699151e-03	-4.177003e-02	1.752021e-03
-2.643326e+02	2.716004e-02	-2.941596e-02	1.602966e-03
-2.634851e+02	2.849081e-02	-7.017756e-03	8.609750e-04
-2.626376e+02	1.639388e-02	2.986526e-04	2.688485e-04
-2.617902e+02	1.249612e-02	-5.475614e-03	1.861353e-04
-2.609427e+02	1.904884e-02	-7.489013e-03	4.189435e-04
-2.600952e+02	2.474063e-02	-2.569750e-03	6.187023e-04
-2.592477e+02	2.897642e-02	5.592856e-03	8.709127e-04
-2.584003e+02	2.961178e-02	1.986526e-02	1.271486e-03
-2.575528e+02	1.746463e-02	3.584000e-02	1.589519e-03
-2.567053e+02	-5.814071e-03	3.668583e-02	1.379653e-03
-2.558578e+02	-1.769437e-02	1.798309e-02	6.364823e-04
-2.550104e+02	-7.462661e-03	4.638774e-03	7.720953e-05
-2.541629e+02	3.257495e-03	1.343033e-02	1.909850e-04
-2.533154e+02	-7.571034e-03	2.775100e-02	8.274384e-04
-2.524679e+02	-2.911713e-02	2.134033e-02	1.303217e-03
-2.516205e+02	-3.420577e-02	-1.511605e-03	1.172319e-03
-2.507730e+02	-2.043243e-02	-1.637243e-02	6.855407e-04
-2.499255e+02	-6.067939e-03	-1.407692e-02	2.349795e-04
-2.490780e+02	-3.674890e-03	-5.516319e-03	4.393459e-05
-2.482306e+02	-9.471338e-03	-2.728949e-03	9.715340e-05
-2.473831e+02	-1.529168e-02	-8.776453e-03	3.108617e-04
-2.465356e+02	-1.332693e-02	-2.131222e-02	6.318180e-04
-2.456881e+02	8.062740e-04	-3.080494e-02	9.495944e-04
-2.448407e+02	2.014024e-02	-2.604425e-02	1.083932e-03
-2.439932e+02	2.880283e-02	-7.845946e-03	8.911620e-04
-2.431457e+02	2.120901e-02	7.586107e-03	5.073709e-04
-2.422982e+02	9.353729e-03	9.513723e-03	1.780032e-04
-2.414507e+02	5.927061e-03	3.730134e-03	4.904395e-05
-2.406033e+02	1.065414e-02	1.877666e-03	1.170364e-04
-2.397558e+02	1.516929e-02	7.592311e-03	2.877504e-04
-2.389083e+02	1.340338e-02	1.822399e-02	5.117644e-04
-2.380608e+02	1.782956e-03	2.712358e-02	7.388676e-04
-2.372134e+02	-1.605550e-02	2.464832e-02	8.653187e-04
-2.363659e+02	-2.667483e-02	7.567131e-03	7.688083e-04
-2.355184e+02	-1.841418e-02	-1.096111e-02	4.592281e-04
-2.346709e+02	-3.856889e-04	-1.255129e-02	1.576836e-04
-2.338235e+02	6.562354e-03	1.309951e-03	4.478047e-05
-2.329760e+02	-4.040596e-03	1.106709e-02	1.388069e-04
-2.321285e+02	-1.672375e-02	3.943327e-03	2.952336e-04
-2.312810e+02	-1.554783e-02	-1.078087e-02	3.579622e-04
-2.304336e+02	-2.794178e-03	-1.758790e-02	3.171417e-04
-2.295861e+02	9.394630e-03	-1.184251e-02	2.285041e-04
-2.287386e+02	1.228535e-02	3.017696e-04	1.510208e-04
-2.278911e+02	4.931388e-03	1.021807e-02	1.287276e-04
-2.270437e+02	-8.134528e-03	1.049275e-02	1.762682e-04
-2.261962e+02	-1.635136e-02	-1.017423e-03	2.684020e-04
-2.253487e+02	-1.094555e-02	-1.494480e-02	3.431520e-04
-2.245012e+02	3.468347e-03	-1.758863e-02	3.213894e-04
-2.236538e+02	1.107767e-02	-7.227834e-03	1.749564e-04
-2.228063e+02	4.904530e-03	1.081877e-03	2.522488e-05
-2.219588e+02	-3.161649e-03	-3.991136e-03	2.592519e-05
-2.211113e+02	1.413363e-03	-1.546271e-02	2.410931e-04
-2.202639e+02	1.793148e-02	-1.718345e-02	6.168089e-04
-2.194164e+02	3.186521e-02	-2.641325e-03	1.022368e-03
-2.185689e+02	3.069192e-02	2.049247e-02	1.361935e-03
-2.177214e+02	1.184750e-02	3.772097e-02	1.563235e-03
-2.168740e+02	-1.495267e-02	3.646500e-02	1.553279e-03
-2.160265e+02	-3.201167e-02	1.596882e-02	1.279750e-03
-2.151790e+02	-2.702195e-02	-8.106032e-03	7.958934e-04
-2.143315e+02	-8.357268e-03	-1.569764e-02	3.162599e-04
-2.134841e+02	2.428953e-03	-5.443735e-03	3.553407e-05
-2.126366e+02	-4.573244e-03	4.083074e-03	3.758606e-05
-2.117891e+02	-1.613947e-02	-3.302561e-03	2.713895e-04
-2.109416e+02	-1.220161e-02	-2.135053e-02	6.047241e-04
-2.100942e+02	9.650228e-03	-2.908865e-02	9.392762e-04
-2.092467e+02	3.194253e-02	-1.408461e-02	1.218702e-03
-2.083992e+02	3.441285e-02	1.518297e-02	1.414767e-03
-2.075517e+02	1.265228e-02	3.684017e-02	1.517278e-03
-2.067043e+02	-1.828505e-02	3.441635e-02	1.518828e-03
-2.058568e+02	-3.630030e-02	9.804440e-03	1.413839e-03
-2.050093e+02	-2.947019e-02	-1.846697e-02	1.209521e-03
-2.041618e+02	-5.269094e-03	-3.000687e-02	9.281754e-04
-2.033144e+02	1.583045e-02	-1.897513e-02	6.106589e-04
-2.024669e+02	1.800064e-02	1.196602e-03	3.254550e-04
-2.016194e+02	4.209389e-03	1.086295e-02	1.357226e-04
-2.007719e+02	-8.012202e-03	3.068206e-03	7.360926e-05
-1.999245e+02	-4.629998e-03	-1.068620e-02	1.356317e-04
-1.990770e+02	1.094473e-02	-1.288411e-02	2.857873e-04
-1.982295e+02	2.168500e-02	1.910761e-03	4.738903e-04
-1.973820e+02	1.396439e-02	2.134713e-02	6.507041e-04
-1.965345e+02	-8.561641e-03	2.647809e-02	7.743908e-04
-1.956871e+02	-2.681870e-02	9.934980e-03	8.179465e-04
-1.948396e+02	-2.345355e-02	-1.521904e-02	7.816882e-04
-1.939921e+02	-1.132479e-03	-2.632465e-02	6.942699e-04
-1.931446e+02	1.903698e-02	-1.453986e-02	5.738140e-04
-1.922972e+02	1.958564e-02	6.158909e-03	4.215295e-04
-1.914497e+02	4.941420e-03	1.463558e-02	2.386178e-04
-1.906022e+02	-5.075905e-03	6.743383e-03	7.123802e-05
-1.897547e+02	-7.777668e-04	-2.212334e-03	5.499343e-06
-1.889073e+02	8.676882e-03	5.656477e-04	7.560824e-05
-1.880598e+02	9.893155e-03	1.201402e-02	2.422113e-04
-1.872123e+02	7.304008e-04	2.071445e-02	4.296220e-04
-1.863648e+02	-1.266635e-02	2.125435e-02	6.121839e-04
-1.855174e+02	-2.539011e-02	1.273420e-02	8.068177e-04
-1.846699e+02	-3.101484e-02	-4.397231e-03	9.812561e-04
-1.838224e+02	-2.244092e-02	-2.304751e-02	1.034783e-03
-1.829749e+02	-1.639114e-03	-2.926399e-02	8.590680e-04
-1.821275e+02	1.475042e-02	-1.740128e-02	5.203793e-04
-1.812800e+02	1.413540e-02	-1.346068e-03	2.016214e-04
-1.804325e+02	4.380446e-03	2.760777e-03	2.681020e-05
-1.795850e+02	2.363317e-03	-2.939197e-03	1.422415e-05
-1.787376e+02	1.017328e-02	-1.789363e-03	1.066974e-04
-1.778901e+02	1.164173e-02	1.160784e-02	2.702718e-04
-1.770426e+02	-3.813847e-03	2.258406e-02	5.245852e-04
-1.761951e+02	-2.636551e-02	1.413869e-02	8.950428e-04
-1.753477e+02	-3.464530e-02	-1.339306e-02	1.379671e-03
-1.745002e+02	-1.654872e-02	-4.071572e-02	1.931630e-03
-1.736527e+02	1.920923e-02	-4.551298e-02	2.440426e-03
-1.728052e+02	4.825427e-02	-2.089970e-02	2.765273e-03
-1.719578e+02	4.984208e-02	1.707657e-02	2.775842e-03
-1.711103e+02	2.512554e-02	4.209833e-02	2.403562e-03
-1.702628e+02	-4.373122e-03	4.159925e-02	1.749622e-03
-1.694153e+02	-2.024534e-02	2.592983e-02	1.082230e-03
-1.685679e+02	-2.144257e-02	1.117170e-02	5.845905e-04
-1.677204e+02	-1.683386e-02	4.490450e-03	3.035430e-04
-1.668729e+02	-1.377880e-02	4.744045e-03	2.123613e-04
-1.660254e+02	-1.817542e-02	7.908246e-03	3.928861e-04
-1.651780e+02	-3.214365e-02	1.796486e-03	1.036442e-03
-1.643305e+02	-3.970353e-02	-2.483743e-02	2.193269e-03
-1.634830e+02	-1.600762e-02	-5.871910e-02	3.704177e-03
-1.626355e+02	3.932551e-02	-6.134782e-02	5.310051e-03
-1.617881e+02	8.290596e-02	-9.382267e-03	6.961425e-03
-1.609406e+02	6.636437e-02	6.628785e-02	8.798308e-03
-1.600931e+02	-9.719728e-03	1.037913e-01	1.086711e-02
-1.592456e+02	-9.196158e-02	6.757122e-02	1.302280e-02
-1.583982e+02	-1.207453e-01	-2.013830e-02	1.498499e-02
-1.575507e+02	-7.683596e-02	-1.031838e-01	1.655066e-02
-1.567032e+02	1.430003e-02	-1.320269e-01	1.763560e-02
-1.558557e+02	1.012969e-01	-8.894646e-02	1.817253e-02
-1.550083e+02	1.343551e-01	3.516660e-03	1.806366e-02
-1.541608e+02	9.282073e-02	9.273506e-02	1.721548e-02
-1.533133e+02	2.133928e-03	1.252726e-01	1.569778e-02
-1.524658e+02	-8.034928e-02	8.496390e-02	1.367487e-02
-1.516183e+02	-1.064165e-01	4.007595e-03	1.134053e-02
-1.507709e+02	-7.008242e-02	-6.311449e-02	8.894985e-03
-1.499234e+02	-6.410697e-03	-8.064458e-02	6.544645e-03
-1.490759e+02	4.111009e-02	-5.296616e-02	4.495453e-03
-1.482284e+02	5.258866e-02	-1.069206e-02	2.879888e-03
-1.473810e+02	3.733504e-02	1.869155e-02	1.743279e-03
-1.465335e+02	1.570223e-02	2.836917e-02	1.051370e-03
-1.456860e+02	-6.506065e-04	2.620058e-02	6.868935e-04
-1.448385e+02	-1.060462e-02	2.004490e-02	5.142559e-04
-1.439911e+02	-1.673641e-02	1.353050e-02	4.631820e-04
-1.431436e+02	-2.190238e-02	6.982576e-03	5.284707e-04
-1.422961e+02	-2.784065e-02	-2.302328e-03	7.804023e-04
-1.414486e+02	-3.094134e-02	-1.948063e-02	1.336862e-03
-1.406012e+02	-2.006452e-02	-4.314165e-02	2.263787e-03
-1.397537e+02	1.174609e-02	-5.833781e-02	3.541271e-03
-1.389062e+02	5.415155e-02	-4.611227e-02	5.058732e-03
-1.380587e+02	8.145748e-02	-1.885732e-03	6.638876e-03
-1.372113e+02	7.078589e-02	5.616133e-02	8.164738e-03
-1.363638e+02	1.867220e-02	9.596338e-02	9.557621e-03
-1.355163e+02	-5.256326e-02	8.914103e-02	1.070902e-02
-1.346688e+02	-1.026234e-01	3.090310e-02	1.148657e-02
-1.338214e+02	-9.655964e-02	-4.977366e-02	1.180118e-02
-1.329739e+02	-3.346127e-02	-1.035123e-01	1.183445e-02
-1.321264e+02	4.947390e-02	-9.716389e-02	1.188849e-02
-1.312789e+02	1.049505e-01	-3.554835e-02	1.227829e-02
-1.304315e+02	1.052673e-01	4.781616e-02	1.336758e-02
-1.295840e+02	4.980493e-02	1.139361e-01	1.546196e-02
-1.287365e+02	-4.186685e-02	1.285093e-01	1.826747e-02
-1.278890e+02	-1.259294e-01	7.263810e-02	2.113451e-02
-1.270416e+02	-1.484403e-01	-3.310356e-02	2.313036e-02
-1.261941e+02	-8.566327e-02	-1.258790e-01	2.318373e-02
-1.253466e+02	2.385199e-02	-1.427839e-01	2.095615e-02
-1.244991e+02	1.060523e-01	-7.881805e-02	1.745937e-02
-1.236517e+02	1.164972e-01	1.453290e-02	1.378280e-02
-1.228042e+02	6.621709e-02	7.973374e-02	1.074217e-02
-1.219567e+02	-4.216583e-03	9.385686e-02	8.826890e-03
-1.211092e+02	-6.196825e-02	6.402738e-02	7.939568e-03
-1.202618e+02	-8.680513e-02	7.253750e-03	7.587748e-03
-1.194143e+02	-6.908507e-02	-5.075570e-02	7.348888e-03
-1.185668e+02	-1.836154e-02	-8.064265e-02	6.840383e-03
-1.177193e+02	3.475639e-02	-6.764706e-02	5.784132e-03
-1.168719e+02	5.993457e-02	-2.767064e-02	4.357817e-03
-1.160244e+02	5.394232e-02	8.998738e-03	2.990751e-03
-1.151769e+02	3.576628e-02	2.744370e-02	2.032383e-03
-1.143294e+02	2.103241e-02	3.526880e-02	1.686251e-03
-1.134820e+02	6.439350e-03	4.403382e-02	1.980442e-03
-1.126345e+02	-1.861877e-02	4.945292e-02	2.792250e-03
-1.117870e+02	-5.163407e-02	3.613673e-02	3.971940e-03
-1.109395e+02	-7.326354e-02	-3.183517e-03	5.377681e-03
-1.100920e+02	-6.216869e-02	-5.492252e-02	6.881430e-03
-1.092446e+02	-1.425226e-02	-9.053624e-02	8.399937e-03
-1.083971e+02	5.153715e-02	-8.546308e-02	9.960015e-03
-1.075496e+02	1.023222e-01	-3.400128e-02	1.162592e-02
-1.067021e+02	1.070205e-01	4.485899e-02	1.346572e-02
-1.058547e+02	5.351671e-02	1.126040e-01	1.554371e-02
-1.050072e+02	-3.935992e-02	1.276517e-01	1.784417e-02
-1.041597e+02	-1.231974e-01	7.061879e-02	2.016461e-02
-1.033122e+02	-1.450630e-01	-3.472566e-02	2.224913e-02
-1.024648e+02	-8.457854e-02	-1.291109e-01	2.382315e-02
-1.016173e+02	2.696887e-02	-1.545810e-01	2.462262e-02
-1.007698e+02	1.248088e-01	-9.490366e-02	2.458394e-02
-9.992234e+01	1.538864e-01	1.464708e-02	2.389556e-02
-9.907487e+01	1.007668e-01	1.122829e-01	2.276140e-02
-9.822739e+01	-2.305718e-03	1.461367e-01	2.136124e-02
-9.737992e+01	-9.798739e-02	1.011532e-01	1.983349e-02
-9.653244e+01	-1.347300e-01	5.599291e-03	1.818352e-02
-9.568497e+01	-9.622743e-02	-8.422198e-02	1.635306e-02
-9.483749e+01	-1.163844e-02	-1.191161e-01	1.432410e-02
-9.399002e+01	6.591023e-02	-8.822310e-02	1.212747e-02
-9.314254e+01	9.699754e-02	-2.148760e-02	9.870239e-03
-9.229506e+01	7.899147e-02	3.923569e-02	7.779092e-03
-9.144759e+01	3.438048e-02	6.958365e-02	6.023902e-03
-9.060011e+01	-1.182430e-02	6.700819e-02	4.629911e-03
-8.975264e+01	-4.286939e-02	4.075939e-02	3.499112e-03
-8.890516e+01	-4.967597e-02	5.082514e-03	2.493534e-03
-8.805769e+01	-3.385898e-02	-2.127544e-02	1.599075e-03
-8.721021e+01	-1.153443e-02	-2.758168e-02	8.937920e-04
-8.636274e+01	9.958092e-04	-2.160423e-02	4.677343e-04
-8.551526e+01	4.699782e-03	-1.959046e-02	4.058741e-04
-8.466779e+01	1.513426e-02	-2.359718e-02	7.858730e-04
-8.382031e+01	3.670397e-02	-1.642821e-02	1.617067e-03
-8.297283e+01	5.164647e-02	1.333193e-02	2.845098e-03
-8.212536e+01	3.843723e-02	5.352147e-02	4.341968e-03
-8.127788e+01	-4.905060e-03	7.690821e-02	5.938932e-03
-8.043041e+01	-5.835811e-02	6.442808e-02	7.556646e-03
-7.958293e+01	-9.479895e-02	1.555242e-02	9.228718e-03
-7.873546e+01	-9.069611e-02	-5.201258e-02	1.093109e-02
-7.788798e+01	-3.817253e-02	-1.052310e-01	1.253071e-02
-7.704051e+01	4.335154e-02	-1.091729e-01	1.379807e-02
-7.619303e+01	1.091985e-01	-5.216960e-02	1.464598e-02
-7.534556e+01	1.173115e-01	3.828671e-02	1.522786e-02
-7.449808e+01	5.854130e-02	1.110932e-01	1.576878e-02
-7.365060e+01	-3.686954e-02	1.231748e-01	1.653140e-02
-7.280313e+01	-1.168818e-01	6.414473e-02	1.777589e-02
-7.195565e+01	-1.340662e-01	-3.779208e-02	1.940198e-02
-7.110818e+01	-7.263895e-02	-1.255992e-01	2.105157e-02
-7.026070e+01	3.533140e-02	-1.451405e-01	2.231408e-02
-6.941323e+01	1.260634e-01	-8.291307e-02	2.276655e-02
-6.856575e+01	1.471386e-01	2.235601e-02	2.214957e-02
-6.771828e+01	9.331654e-02	1.100800e-01	2.082559e-02
-6.687080e+01	-5.502349e-04	1.389061e-01	1.929522e-02
-6.602332e+01	-8.730256e-02	1.014557e-01	1.791500e-02
-6.517585e+01	-1.286057e-01	1.827446e-02	1.687339e-02
-6.432837e+01	-1.048712e-01	-7.205275e-02	1.618956e-02
-6.348090e+01	-2.533113e-02	-1.228672e-01	1.573800e-02
-6.263342e+01	6.797782e-02	-1.040184e-01	1.544082e-02
-6.178595e+01	1.210866e-01	-2.450150e-02	1.526228e-02
-6.093847e+01	1.019692e-01	6.913808e-02	1.517780e-02
-6.009100e+01	2.226955e-02	1.209190e-01	1.511733e-02
-5.924352e+01	-6.946668e-02	1.005252e-01	1.493094e-02
-5.839605e+01	-1.181467e-01	2.255144e-02	1.446722e-02
-5.754857e+01	-9.783215e-02	-6.346891e-02	1.359943e-02
-5.670109e+01	-2.743750e-02	-1.072680e-01	1.225925e-02
-5.585362e+01	4.698316e-02	-9.152421e-02	1.058410e-02
-5.500614e+01	8.715036e-02	-3.521031e-02	8.834950e-03
-5.415867e+01	8.012040e-02	2.739878e-02	7.169972e-03
-5.331119e+01	3.640097e-02	6.569800e-02	5.641257e-03
-5.246372e+01	-1.820497e-02	6.264627e-02	4.255977e-03
-5.161624e+01	-4.997796e-02	2.312392e-02	3.032512e-03
-5.076877e+01	-3.975925e-02	-2.055752e-02	2.003410e-03
-4.992129e+01	-4.890166e-03	-3.369859e-02	1.159508e-03
-4.907382e+01	1.588711e-02	-1.470711e-02	4.686992e-04
-4.822634e+01	5.173162e-03	1.872318e-03	3.026718e-05
-4.737886e+01	-1.032896e-02	-1.172260e-02	2.441067e-04
-4.653139e+01	5.927883e-03	-4.001920e-02	1.636676e-03
-4.568391e+01	5.557871e-02	-3.982295e-02	4.674861e-03
-4.483644e+01	9.726588e-02	1.481083e-02	9.680013e-03
-4.398896e+01	7.995259e-02	1.021470e-01	1.682643e-02
-4.314149e+01	-1.467290e-02	1.611706e-01	2.619124e-02
-4.229401e+01	-1.462330e-01	1.276697e-01	3.768364e-02
-4.144654e+01	-2.254800e-01	-1.243221e-02	5.099578e-02
-4.059906e+01	-1.709813e-01	-1.907315e-01	6.561311e-02
-3.975159e+01	1.846882e-02	-2.841147e-01	8.106225e-02
-3.890411e+01	2.377356e-01	-2.019263e-01	9.729247e-02
-3.805663e+01	3.365670e-01	3.372299e-02	1.144146e-01
-3.720916e+01	2.253930e-01	2.860284e-01	1.326143e-01
-3.636168e+01	-5.198456e-02	3.865377e-01	1.521138e-01
-3.551421e+01	-3.334535e-01	2.479987e-01	1.726946e-01
-3.466673e+01	-4.345346e-01	-6.779685e-02	1.934167e-01
-3.381926e+01	-2.701174e-01	-3.743603e-01	2.131090e-01
-3.297178e+01	7.778030e-02	-4.737079e-01	2.304489e-01
-3.212431e+01	4.010766e-01	-2.884252e-01	2.440515e-01
-3.127683e+01	4.965541e-01	7.959959e-02	2.529021e-01
-3.042935e+01	2.983210e-01	4.091275e-01	2.563807e-01
-2.958188e+01	-7.667020e-02	4.981451e-01	2.540269e-01
-2.873440e+01	-3.995904e-01	2.930858e-01	2.455717e-01
-2.788693e+01	-4.748951e-01	-7.491020e-02	2.311369e-01
-2.703945e+01	-2.682233e-01	-3.745302e-01	2.122166e-01
-2.619198e+01	7.534123e-02	-4.302966e-01	1.908314e-01
-2.534450e+01	3.384734e-01	-2.328730e-01	1.687941e-01
-2.449703e+01	3.773184e-01	7.240684e-02	1.476120e-01
-2.364955e+01	2.002635e-01	2.965897e-01	1.280709e-01
-2.280208e+01	-6.275465e-02	3.243651e-01	1.091508e-01
-2.195460e+01	-2.486783e-01	1.670957e-01	8.976187e-02
-2.110712e+01	-2.577906e-01	-5.426698e-02	6.940091e-02
-2.025965e+01	-1.127632e-01	-1.889144e-01	4.840421e-02
-1.941217e+01	5.727198e-02	-1.596659e-01	2.877328e-02
-1.856470e+01	1.158724e-01	-2.524004e-02	1.406347e-02
-1.771722e+01	3.722003e-02	7.363230e-02	6.807045e-03
-1.686975e+01	-7.757925e-02	4.298191e-02	7.865985e-03
-1.602227e+01	-9.828645e-02	-8.175794e-02	1.634459e-02
-1.517480e+01	1.490185e-02	-1.739518e-01	3.048129e-02
-1.432732e+01	1.823157e-01	-1.280773e-01	4.964282e-02
-1.347985e+01	2.661246e-01	6.041158e-02	7.447189e-02
-1.263237e+01	1.649553e-01	2.820902e-01	1.067852e-01
-1.178489e+01	-1.072683e-01	3.715404e-01	1.495487e-01
-1.093742e+01	-4.001958e-01	2.109111e-01	2.046402e-01
-1.008994e+01	-4.953104e-01	-1.612184e-01	2.713238e-01
-9.242468e+00	-2.619865e-01	-5.278562e-01	3.472691e-01
-8.394992e+00	2.127923e-01	-6.190812e-01	4.285421e-01
-7.547517e+00	6.427241e-01	-3.113413e-01	5.100276e-01
-6.700041e+00	7.246279e-01	2.524227e-01	5.888028e-01
-5.852566e+00	3.550397e-01	7.334094e-01	6.639426e-01
-5.005090e+00	-2.801618e-01	8.102670e-01	7.350233e-01
-4.157615e+00	-8.045341e-01	3.933822e-01	8.020247e-01
-3.310140e+00	-8.803073e-01	-2.996226e-01	8.647147e-01
-2.462664e+00	-4.257319e-01	-8.595435e-01	9.200627e-01
-1.615189e+00	3.118652e-01	-9.309222e-01	9.638761e-01
-7.677131e-01	8.906841e-01	-4.456083e-01	9.918849e-01
7.976240e-02	9.490733e-01	3.150553e-01	1.000000e+00
9.272379e-01	4.453145e-01	8.876736e-01	9.862695e-01
1.774713e+00	-3.083363e-01	9.269763e-01	9.543563e-01
2.622189e+00	-8.531555e-01	4.258210e-01	9.091978e-01
3.469664e+00	-8.768204e-01	-2.947922e-01	8.557165e-01
4.317140e+00	-3.957563e-01	-8.011945e-01	7.985356e-01
5.164615e+00	2.780019e-01	-8.139735e-01	7.398379e-01
6.012091e+00	7.402451e-01	-3.608650e-01	6.781864e-01
6.859566e+00	7.390334e-01	2.569344e-01	6.121856e-01
7.707042e+00	3.185924e-01	6.629300e-01	5.409773e-01
8.554517e+00	-2.274017e-01	6.424634e-01	4.644707e-01
9.401993e+00	-5.612345e-01	2.658092e-01	3.856387e-01
1.024947e+01	-5.233876e-01	-1.889510e-01	3.096371e-01
1.109694e+01	-2.064895e-01	-4.449015e-01	2.405752e-01
1.194442e+01	1.488119e-01	-3.988559e-01	1.812310e-01
1.279189e+01	3.330780e-01	-1.483502e-01	1.329487e-01
1.363937e+01	2.860594e-01	1.145658e-01	9.495533e-02
1.448685e+01	9.519326e-02	2.379019e-01	6.565908e-02
1.533432e+01	-8.991817e-02	1.885899e-01	4.365143e-02
1.618180e+01	-1.603897e-01	4.463318e-02	2.771698e-02
1.702927e+01	-1.044646e-01	-7.695900e-02	1.683553e-02
1.787675e+01	5.876144e-03	-1.007316e-01	1.018139e-02
1.872422e+01	7.722891e-02	-3.289601e-02	7.046451e-03
1.957170e+01	5.984436e-02	5.697102e-02	6.827045e-03
2.041917e+01	-2.542182e-02	9.160360e-02	9.037489e-03
2.126665e+01	-1.086367e-01	3.870374e-02	1.329992e-02
2.211412e+01	-1.197343e-01	-7.033840e-02	1.928380e-02
2.296160e+01	-3.469948e-02	-1.597717e-01	2.673107e-02
2.380908e+01	1.041060e-01	-1.567800e-01	3.541802e-02
2.465655e+01	2.082366e-01	-4.179798e-02	4.510955e-02
2.550403e+01	1.969923e-01	1.294117e-01	5.555334e-02
2.635150e+01	5.506584e-02	2.519493e-01	6.651070e-02
2.719898e+01	-1.470195e-01	2.368813e-01	7.772748e-02
2.804645e+01	-2.891129e-01	7.312123e-02	8.893296e-02
2.889393e+01	-2.746346e-01	-1.562633e-01	9.984239e-02
2.974140e+01	-9.484242e-02	-3.178946e-01	1.100521e-01
3.058888e+01	1.574342e-01	-3.068916e-01	1.189680e-01
3.143636e+01	3.355882e-01	-1.153313e-01	1.259208e-01
3.228383e+01	3.268053e-01	1.529993e-01	1.302105e-01
3.313131e+01	1.275551e-01	3.390255e-01	1.312086e-01
3.397878e+01	-1.455495e-01	3.284554e-01	1.290676e-01
3.482626e+01	-3.285653e-01	1.289394e-01	1.245805e-01
3.567373e+01	-3.161919e-01	-1.364570e-01	1.185979e-01
3.652121e+01	-1.245118e-01	-3.105558e-01	1.119481e-01
3.736868e+01	1.265067e-01	-2.987825e-01	1.052749e-01
3.821616e+01	2.900511e-01	-1.188400e-01	9.825261e-02
3.906363e+01	2.775277e-01	1.148269e-01	9.020682e-02
3.991111e+01	1.099030e-01	2.617800e-01	8.060741e-02
4.075859e+01	-9.836301e-02	2.438484e-01	6.913735e-02
4.160606e+01	-2.173600e-01	9.357126e-02	5.600093e-02
4.245354e+01	-1.918400e-01	-7.553763e-02	4.250850e-02
4.330101e+01	-6.928618e-02	-1.587272e-01	2.999490e-02
4.414849e+01	5.151597e-02	-1.294773e-01	1.941827e-02
4.499596e+01	9.845968e-02	-4.017260e-02	1.130815e-02
4.584344e+01	6.803930e-02	3.275047e-02	5.701939e-03
4.669091e+01	1.028905e-02	4.622479e-02	2.242596e-03
4.753839e+01	-1.831413e-02	1.413629e-02	5.352423e-04
4.838586e+01	-1.051766e-03	-1.391172e-02	1.946421e-04
4.923334e+01	2.939473e-02	-1.339194e-03	8.658435e-04
5.008082e+01	2.627595e-02	4.009864e-02	2.298327e-03
5.092829e+01	-2.237582e-02	6.261123e-02	4.420843e-03
5.177577e+01	-8.019192e-02	2.924795e-02	7.286187e-03
5.262324e+01	-9.221633e-02	-5.027209e-02	1.103113e-02
5.347072e+01	-3.062744e-02	-1.220919e-01	1.584448e-02
5.431819e+01	7.868055e-02	-1.241881e-01	2.161332e-02
5.516567e+01	1.631186e-01	-3.351430e-02	2.773089e-02
5.601314e+01	1.507277e-01	1.029183e-01	3.331102e-02
5.686062e+01	3.222719e-02	1.904149e-01	3.729643e-02
5.770809e+01	-1.179375e-01	1.575424e-01	3.872884e-02
5.855557e+01	-1.932086e-01	2.088905e-02	3.776590e-02
5.940305e+01	-1.403616e-01	-1.249280e-01	3.530839e-02
6.025052e+01	1.886224e-03	-1.798728e-01	3.235777e-02
6.109800e+01	1.339799e-01	-1.092694e-01	2.989041e-02
6.194547e+01	1.655266e-01	3.560828e-02	2.866699e-02
6.279295e+01	7.421693e-02	1.520195e-01	2.861808e-02
6.364042e+01	-7.408308e-02	1.542296e-01	2.927507e-02
6.448790e+01	-1.685639e-01	3.958195e-02	2.998052e-02
6.533537e+01	-1.377149e-01	-1.047688e-01	2.994188e-02
6.618285e+01	-7.931098e-03	-1.690813e-01	2.865140e-02
6.703033e+01	1.202053e-01	-1.101881e-01	2.659074e-02
6.787780e+01	1.549084e-01	2.244048e-02	2.450020e-02
6.872528e+01	7.649938e-02	1.314194e-01	2.312321e-02
6.957275e+01	-5.694840e-02	1.411898e-01	2.317769e-02
7.042023e+01	-1.520277e-01	4.365058e-02	2.501778e-02
7.126770e+01	-1.377916e-01	-9.630981e-02	2.826211e-02
7.211518e+01	-1.717715e-02	-1.787536e-01	3.224791e-02
7.296265e+01	1.287366e-01	-1.396981e-01	3.608867e-02
7.381013e+01	1.968947e-01	-1.586371e-03	3.877006e-02
7.465760e+01	1.400280e-01	1.422764e-01	3.985041e-02
7.550508e+01	-2.895169e-03	1.991035e-01	3.965058e-02
7.635256e+01	-1.414373e-01	1.365060e-01	3.863838e-02
7.720003e+01	-1.931038e-01	-4.522557e-03	3.730955e-02
7.804751e+01	-1.293083e-01	-1.393117e-01	3.612840e-02
7.889498e+01	1.122660e-02	-1.875726e-01	3.530953e-02
7.974246e+01	1.432312e-01	-1.199812e-01	3.491068e-02
8.058993e+01	1.857035e-01	2.216247e-02	3.497696e-02
8.143741e+01	1.121500e-01	1.515238e-01	3.553709e-02
8.228488e+01	-3.295285e-02	1.883217e-01	3.655097e-02
8.313236e+01	-1.609126e-01	1.083865e-01	3.764049e-02
8.397983e+01	-1.915053e-01	-4.011685e-02	3.828366e-02
8.482731e+01	-1.051717e-01	-1.639856e-01	3.795238e-02
8.567479e+01	4.126350e-02	-1.856310e-01	3.616154e-02
8.652226e+01	1.526726e-01	-9.730349e-02	3.277689e-02
8.736974e+01	1.650397e-01	3.629816e-02	2.855565e-02
8.821721e+01	8.362389e-02	1.316689e-01	2.432965e-02
8.906469e+01	-3.344674e-02	1.401099e-01	2.074948e-02
8.991216e+01	-1.176661e-01	6.677871e-02	1.830472e-02
9.075964e+01	-1.239968e-01	-4.180346e-02	1.712273e-02
9.160711e+01	-5.002588e-02	-1.193582e-01	1.674896e-02
9.245459e+01	5.551119e-02	-1.164612e-01	1.664471e-02
9.330207e+01	1.215502e-01	-3.793665e-02	1.621365e-02
9.414954e+01	1.074525e-01	5.778838e-02	1.488553e-02
9.499702e+01	3.441180e-02	1.073343e-01	1.270483e-02
9.584449e+01	-4.311482e-02	9.205195e-02	1.033245e-02
9.669197e+01	-8.428889e-02	3.441897e-02	8.289282e-03
9.753944e+01	-7.691090e-02	-3.083223e-02	6.865913e-03
9.838692e+01	-2.792657e-02	-7.379361e-02	6.225390e-03
9.923439e+01	3.965984e-02	-6.909211e-02	6.346622e-03
1.000819e+02	8.324659e-02	-1.273973e-02	7.092296e-03
1.009293e+02	6.771967e-02	6.030986e-02	8.223233e-03
1.017768e+02	-1.597760e-04	9.644603e-02	9.301861e-03
1.026243e+02	-7.156537e-02	6.845863e-02	9.808187e-03
1.034718e+02	-9.864126e-02	-1.589207e-03	9.732624e-03
1.043192e+02	-6.850334e-02	-6.842093e-02	9.374131e-03
1.051667e+02	-1.136684e-03	-9.503942e-02	9.033783e-03
1.060142e+02	6.700066e-02	-6.705306e-02	8.985201e-03
1.068617e+02	9.713099e-02	4.331245e-03	9.453189e-03
1.077091e+02	6.393398e-02	7.936389e-02	1.038618e-02
1.085566e+02	-1.808703e-02	1.061791e-01	1.160114e-02
1.094041e+02	-9.527224e-02	6.098245e-02	1.279566e-02
1.102516e+02	-1.130591e-01	-2.777779e-02	1.355396e-02
1.110991e+02	-6.041079e-02	-9.980073e-02	1.360965e-02
1.119465e+02	2.551192e-02	-1.119828e-01	1.319100e-02
1.127940e+02	9.350242e-02	-6.229441e-02	1.262330e-02
1.136415e+02	1.088508e-01	1.883187e-02	1.220313e-02
1.144890e+02	6.501170e-02	8.919689e-02	1.218261e-02
1.153364e+02	-1.737889e-02	1.109810e-01	1.261882e-02
1.161839e+02	-9.394845e-02	6.702897e-02	1.331919e-02
1.170314e+02	-1.166607e-01	-2.135388e-02	1.406571e-02
1.178789e+02	-6.712981e-02	-1.005334e-01	1.461338e-02
1.187263e+02	2.514943e-02	-1.186320e-01	1.470604e-02
1.195738e+02	1.008338e-01	-6.428554e-02	1.430009e-02
1.204213e+02	1.134512e-01	2.611268e-02	1.355304e-02
1.212688e+02	5.859941e-02	9.591241e-02	1.263308e-02
1.221162e+02	-2.708579e-02	1.047146e-01	1.169880e-02
1.229637e+02	-9.116158e-02	5.072736e-02	1.088370e-02
1.238112e+02	-9.627402e-02	-3.079643e-02	1.021711e-02
1.246587e+02	-4.185613e-02	-8.901208e-02	9.675085e-03
1.255061e+02	3.587578e-02	-8.911339e-02	9.228267e-03
1.263536e+02	8.769821e-02	-3.391316e-02	8.841079e-03
1.272011e+02	8.313539e-02	3.949502e-02	8.471349e-03
1.280486e+02	2.842461e-02	8.521276e-02	8.069173e-03
1.288960e+02	-3.996626e-02	7.741186e-02	7.589898e-03
1.297435e+02	-7.987184e-02	2.488493e-02	6.998770e-03
1.305910e+02	-7.010563e-02	-3.685520e-02	6.273105e-03
1.314385e+02	-2.229705e-02	-7.034555e-02	5.445655e-03
1.322859e+02	3.071047e-02	-6.095390e-02	4.658512e-03
1.331334e+02	5.998180e-02	-2.095642e-02	4.036988e-03
1.339809e+02	5.513163e-02	2.516412e-02	3.672729e-03
1.348284e+02	2.226416e-02	5.613020e-02	3.646292e-03
1.356758e+02	-2.407677e-02	5.825772e-02	3.973653e-03
1.365233e+02	-6.197972e-02	2.658751e-02	4.548381e-03
1.373708e+02	-6.745642e-02	-2.620442e-02	5.237040e-03
1.382183e+02	-3.156742e-02	-6.978142e-02	5.865948e-03
1.390657e+02	2.690835e-02	-7.419577e-02	6.229072e-03
1.399132e+02	7.104765e-02	-3.454222e-02	6.240933e-03
1.407607e+02	7.335803e-02	2.420849e-02	5.967452e-03
1.416082e+02	3.394903e-02	6.589613e-02	5.494837e-03
1.424556e+02	-2.145370e-02	6.671402e-02	4.911022e-03
1.433031e+02	-5.885198e-02	2.882515e-02	4.294444e-03
1.441506e+02	-5.652392e-02	-2.166262e-02	3.664223e-03
1.449981e+02	-1.992314e-02	-5.110941e-02	3.009103e-03
1.458455e+02	2.170096e-02	-4.303916e-02	2.323301e-03
1.466930e+02	3.874920e-02	-1.059219e-02	1.613695e-03
1.475405e+02	2.579529e-02	1.609562e-02	9.244658e-04
1.483880e+02	4.183868e-03	1.883497e-02	3.722607e-04
1.492354e+02	-3.056381e-03	7.039631e-03	5.889787e-05
1.500829e+02	4.717324e-03	3.005662e-03	3.128715e-05
1.509304e+02	7.767345e-03	1.483822e-02	2.805043e-04
1.517779e+02	-8.838449e-03	2.608313e-02	7.584477e-04
1.526253e+02	-3.454991e-02	1.495187e-02	1.417255e-03
1.534728e+02	-4.285361e-02	-1.924749e-02	2.206897e-03
1.543203e+02	-1.806494e-02	-5.228391e-02	3.059949e-03
1.551678e+02	2.789690e-02	-5.578413e-02	3.890106e-03
1.560153e+02	6.433772e-02	-2.206921e-02	4.626392e-03
1.568627e+02	6.584492e-02	3.039077e-02	5.259152e-03
1.577102e+02	2.862298e-02	7.062947e-02	5.807797e-03
1.585577e+02	-2.812417e-02	7.427039e-02	6.307059e-03
1.594052e+02	-7.369350e-02	3.699571e-02	6.799415e-03
1.602526e+02	-8.231452e-02	-2.335560e-02	7.321165e-03
1.611001e+02	-4.676460e-02	-7.558735e-02	7.900376e-03
1.619476e+02	1.705424e-02	-9.098086e-02	8.568363e-03
1.627951e+02	7.723201e-02	-5.827374e-02	9.360612e-03
1.636425e+02	1.010939e-01	9.470139e-03	1.030966e-02
1.644900e+02	7.141322e-02	7.900176e-02	1.134113e-02
1.653375e+02	-1.270170e-03	1.107846e-01	1.227483e-02
1.661850e+02	-7.841330e-02	8.214460e-02	1.289638e-02
1.670324e+02	-1.137629e-01	6.181265e-03	1.298021e-02
1.678799e+02	-8.484139e-02	-7.184904e-02	1.236035e-02
1.687274e+02	-1.153572e-02	-1.050610e-01	1.117089e-02
1.695749e+02	5.963322e-02	-7.820181e-02	9.671645e-03
1.704223e+02	8.891672e-02	-1.387228e-02	8.098623e-03
1.712698e+02	6.646429e-02	4.713886e-02	6.639573e-03
1.721173e+02	1.252830e-02	7.239731e-02	5.398328e-03
1.729648e+02	-3.818427e-02	5.367046e-02	4.338556e-03
1.738122e+02	-5.760613e-02	9.537307e-03	3.409427e-03
1.746597e+02	-4.162922e-02	-2.904986e-02	2.576886e-03
1.755072e+02	-9.627614e-03	-4.168159e-02	1.830046e-03
1.763547e+02	1.454215e-02	-3.142674e-02	1.199114e-03
1.772021e+02	2.262894e-02	-1.511032e-02	7.403907e-04
1.780496e+02	2.162484e-02	-4.243623e-03	4.856419e-04
1.788971e+02	2.063439e-02	1.725895e-03	4.287568e-04
1.797446e+02	2.129980e-02	8.823890e-03	5.315427e-04
1.805920e+02	1.883912e-02	1.997552e-02	7.539335e-04
1.814395e+02	7.334101e-03	3.146905e-02	1.044090e-03
1.822870e+02	-1.303199e-02	3.370284e-02	1.305714e-03
1.831345e+02	-3.185631e-02	2.007108e-02	1.417673e-03
1.839819e+02	-3.564477e-02	-3.427058e-03	1.282294e-03
1.848294e+02	-2.279986e-02	-2.098432e-02	9.601749e-04
1.856769e+02	-5.440872e-03	-2.425384e-02	6.178517e-04
1.865244e+02	5.984423e-03	-1.827021e-02	3.696138e-04
1.873718e+02	1.127499e-02	-1.066636e-02	2.408966e-04
1.882193e+02	1.353509e-02	-2.163063e-03	1.878774e-04
1.890668e+02	1.039537e-02	7.051086e-03	1.577816e-04
1.899143e+02	1.645237e-03	1.151723e-02	1.353534e-04
1.907617e+02	-6.498244e-03	8.594408e-03	1.160910e-04
1.916092e+02	-9.396059e-03	3.353442e-03	9.953151e-05
1.924567e+02	-1.106170e-02	6.947780e-04	1.228438e-04
1.933042e+02	-1.539312e-02	-4.339032e-03	2.557753e-04
1.941516e+02	-1.603118e-02	-1.652798e-02	5.301729e-04
1.949991e+02	-4.703031e-03	-2.963129e-02	9.001321e-04
1.958466e+02	1.609008e-02	-3.149632e-02	1.250909e-03
1.966941e+02	3.411141e-02	-1.798230e-02	1.486951e-03
1.975415e+02	4.002026e-02	4.824676e-03	1.624899e-03
1.983890e+02	3.038443e-02	2.741494e-02	1.674792e-03
1.992365e+02	7.817100e-03	3.920663e-02	1.598267e-03
2.000840e+02	-1.701711e-02	3.227670e-02	1.331367e-03
2.009315e+02	-2.806518e-02	1.041967e-02	8.962239e-04
2.017789e+02	-1.936238e-02	-8.582363e-03	4.485588e-04
2.026264e+02	-3.453964e-03	-1.092774e-02	1.313453e-04
2.034739e+02	2.536804e-03	-1.078202e-03	7.597894e-06
2.043214e+02	-4.398285e-03	4.803714e-03	4.242058e-05
2.051688e+02	-1.207277e-02	-1.612160e-03	1.483507e-04
2.060163e+02	-8.899153e-03	-1.370688e-02	2.670735e-04
2.068638e+02	5.319383e-03	-1.864543e-02	3.759479e-04
2.077113e+02	1.984998e-02	-9.080172e-03	4.764711e-04
2.085587e+02	2.178169e-02	1.049492e-02	5.845853e-04
2.094062e+02	6.214965e-03	2.570284e-02	6.992620e-04
2.102537e+02	-1.706188e-02	2.252027e-02	7.982702e-04
2.111012e+02	-2.917562e-02	9.923505e-04	8.522016e-04
2.119486e+02	-1.870182e-02	-2.196816e-02	8.323583e-04
2.127961e+02	5.932836e-03	-2.633828e-02	7.289035e-04
2.136436e+02	2.240803e-02	-8.892187e-03	5.811906e-04
2.144911e+02	1.657470e-02	1.278933e-02	4.382877e-04
2.153385e+02	-3.632772e-03	1.791434e-02	3.341206e-04
2.161860e+02	-1.650421e-02	3.138292e-03	2.822379e-04
2.170335e+02	-8.833562e-03	-1.428839e-02	2.821898e-04
2.178810e+02	1.038993e-02	-1.501227e-02	3.333189e-04
2.187284e+02	2.035191e-02	2.208270e-03	4.190769e-04
2.195759e+02	1.013891e-02	2.003711e-02	5.042833e-04
2.204234e+02	-1.050896e-02	2.080060e-02	5.431032e-04
2.212709e+02	-2.207735e-02	4.493869e-03	5.076040e-04
2.221183e+02	-1.566592e-02	-1.301863e-02	4.149059e-04
2.229658e+02	5.238212e-04	-1.725616e-02	2.980495e-04
2.238133e+02	1.140224e-02	-7.684805e-03	1.890672e-04
2.246608e+02	9.497407e-03	4.381145e-03	1.093952e-04
2.255082e+02	-1.917781e-04	8.040434e-03	6.468536e-05
2.263557e+02	-7.103969e-03	1.713180e-03	5.340136e-05
2.272032e+02	-4.543776e-03	-7.324169e-03	7.428935e-05
2.280507e+02	5.441279e-03	-9.846874e-03	1.265684e-04
2.288981e+02	1.431736e-02	-2.082043e-03	2.093216e-04
2.297456e+02	1.331306e-02	1.134895e-02	3.060363e-04
2.305931e+02	8.480959e-04	1.944981e-02	3.790143e-04
2.314406e+02	-1.368258e-02	1.406384e-02	3.850044e-04
2.322880e+02	-1.721720e-02	-5.368811e-04	2.967203e-04
2.331355e+02	-7.074313e-03	-9.523367e-03	1.407404e-04
2.339830e+02	3.271330e-03	-4.214016e-03	2.845953e-05
2.348305e+02	9.622607e-04	6.146160e-03	3.870122e-05
2.356779e+02	-1.021604e-02	6.867514e-03	1.515301e-04
2.365254e+02	-1.585064e-02	-3.596191e-03	2.641754e-04
2.373729e+02	-1.024738e-02	-1.316350e-02	2.782866e-04
2.382204e+02	-1.196988e-03	-1.475111e-02	2.190279e-04
2.390678e+02	4.683707e-03	-1.137720e-02	1.513778e-04
2.399153e+02	7.285767e-03	-7.098262e-03	1.034677e-04
2.407628e+02	7.283569e-03	-2.402126e-03	5.882059e-05
2.416103e+02	3.374545e-03	5.367309e-04	1.167563e-05
2.424577e+02	-5.523053e-04	-2.381411e-03	5.976161e-06
2.433052e+02	1.942670e-03	-7.996347e-03	6.771554e-05
2.441527e+02	1.004410e-02	-8.184161e-03	1.678645e-04
2.450002e+02	1.527566e-02	-6.735077e-04	2.337995e-04
2.458477e+02	1.294389e-02	7.820134e-03	2.286987e-04
2.466951e+02	6.483505e-03	1.198279e-02	1.856230e-04
2.475426e+02	1.068121e-05	1.152859e-02	1.329084e-04
2.483901e+02	-4.134665e-03	7.555575e-03	7.418217e-05
2.492376e+02	-3.223795e-03	1.967160e-03	1.426257e-05
2.500850e+02	2.945838e-03	1.193408e-03	1.010218e-05
2.509325e+02	5.886986e-03	8.925340e-03	1.143183e-04
2.517800e+02	-2.026513e-03	1.705651e-02	2.950312e-04
2.526275e+02	-1.535421e-02	1.411315e-02	4.349325e-04
2.534749e+02	-2.022351e-02	1.182883e-03	4.103896e-04
2.543224e+02	-1.366954e-02	-8.726514e-03	2.630082e-04
2.551699e+02	-5.130879e-03	-9.386802e-03	1.144380e-04
2.560174e+02	-1.813833e-03	-5.482363e-03	3.334629e-05
2.568648e+02	-2.822589e-03	-2.649529e-03	1.498702e-05
2.577123e+02	-5.963765e-03	-1.848189e-03	3.898229e-05
2.585598e+02	-1.010310e-02	-5.921708e-03	1.371392e-04
2.594073e+02	-8.503342e-03	-1.547803e-02	3.118762e-04
2.602547e+02	3.470088e-03	-2.150105e-02	4.743365e-04
2.611022e+02	1.712300e-02	-1.365593e-02	4.796815e-04
2.619497e+02	1.679150e-02	2.491746e-03	2.881633e-04
2.627972e+02	3.458036e-03	8.288626e-03	8.065933e-05
2.636446e+02	-4.920084e-03	-1.533415e-03	2.655859e-05
2.644921e+02	2.734498e-03	-1.221162e-02	1.566011e-04
2.653396e+02	1.665922e-02	-8.454795e-03	3.490133e-04
2.661871e+02	2.023686e-02	6.386866e-03	4.503226e-04
2.670345e+02	1.020118e-02	1.790566e-02	4.246766e-04
2.678820e+02	-4.061588e-03	1.700264e-02	3.055862e-04
2.687295e+02	-1.078871e-02	6.114653e-03	1.537852e-04
2.695770e+02	-5.076273e-03	-4.204478e-03	4.344618e-05
2.704244e+02	6.742902e-03	-2.740905e-03	5.297929e-05
2.712719e+02	9.724678e-03	1.054571e-02	2.057815e-04
2.721194e+02	-3.323569e-03	2.048364e-02	4.306254e-04
2.729669e+02	-2.045826e-02	1.280774e-02	5.825786e-04
2.738143e+02	-2.198108e-02	-6.778047e-03	5.291100e-04
2.746618e+02	-6.285662e-03	-1.695415e-02	3.269529e-04
2.755093e+02	7.924528e-03	-8.638801e-03	1.374270e-04
2.763568e+02	6.019342e-03	5.491357e-03	6.638748e-05
2.772042e+02	-6.588401e-03	8.407063e-03	1.140857e-04
2.780517e+02	-1.388831e-02	-1.345719e-03	1.946962e-04
2.788992e+02	-9.236954e-03	-1.235875e-02	2.380600e-04
2.797467e+02	2.135514e-03	-1.497105e-02	2.286929e-04
2.805941e+02	1.073263e-02	-7.951271e-03	1.784120e-04
2.814416e+02	1.021328e-02	2.537683e-03	1.107510e-04
2.822891e+02	1.358297e-03	7.496392e-03	5.804087e-05
2.831366e+02	-6.787490e-03	1.838618e-03	4.945054e-05
2.839840e+02	-4.631084e-03	-8.212492e-03	8.889196e-05
2.848315e+02	6.329876e-03	-1.042566e-02	1.487617e-04
2.856790e+02	1.347825e-02	-7.020482e-04	1.821560e-04
2.865265e+02	7.624312e-03	1.037868e-02	1.658472e-04
2.873739e+02	-4.688865e-03	1.024739e-02	1.269944e-04
2.882214e+02	-9.830482e-03	-2.372978e-04	9.669468e-05
2.890689e+02	-3.091231e-03	-8.835398e-03	8.761997e-05
2.899164e+02	6.744490e-03	-6.615444e-03	8.925225e-05
2.907639e+02	8.884019e-03	2.455539e-03	8.495547e-05
2.916113e+02	2.308134e-03	8.207182e-03	7.268532e-05
2.924588e+02	-5.433070e-03	5.408641e-03	5.877165e-05
2.933063e+02	-6.750523e-03	-2.350863e-03	5.109612e-05
2.941538e+02	-8.398867e-04	-7.349925e-03	5.472681e-05
2.950012e+02	6.565156e-03	-4.819274e-03	6.632669e-05
2.958487e+02	8.208260e-03	3.028266e-03	7.654594e-05
2.966962e+02	2.145467e-03	8.451501e-03	7.603089e-05
2.975437e+02	-5.444536e-03	5.573300e-03	6.070464e-05
2.983911e+02	-5.760728e-03	-2.607775e-03	3.998648e-05
2.992386e+02	2.014966e-03	-5.909379e-03	3.898084e-05
3.000861e+02	8.363493e-03	5.962791e-04	7.030357e-05
3.009336e+02	4.738029e-03	9.906809e-03	1.205938e-04
3.017810e+02	-5.787496e-03	1.104658e-02	1.555219e-04
3.026285e+02	-1.175084e-02	2.488296e-03	1.442740e-04
3.034760e+02	-7.666282e-03	-6.205070e-03	9.727476e-05
3.043235e+02	6.756766e-04	-6.653833e-03	4.473003e-05
3.051709e+02	3.911523e-03	-1.388751e-04	1.531930e-05
3.060184e+02	-9.838993e-04	4.971031e-03	2.567920e-05
3.068659e+02	-8.364930e-03	2.156722e-03	7.462350e-05
3.077134e+02	-9.552543e-03	-7.019203e-03	1.405203e-04
3.085608e+02	-1.540953e-03	-1.364497e-02	1.885598e-04
3.094083e+02	8.695666e-03	-1.042573e-02	1.843103e-04
3.102558e+02	1.074279e-02	-6.583639e-04	1.158410e-04
3.111033e+02	3.757619e-03	4.116323e-03	3.106381e-05
3.119507e+02	-1.507879e-03	-6.303851e-04	2.671086e-06
3.127982e+02	2.340737e-03	-6.714336e-03	5.056135e-05
3.136457e+02	1.030122e-02	-4.996102e-03	1.310762e-04
3.144932e+02	1.283694e-02	2.679903e-03	1.719689e-04
3.153406e+02	9.228544e-03	8.557399e-03	1.583951e-04
3.161881e+02	4.257200e-03	1.046045e-02	1.275448e-04
3.170356e+02	1.792300e-04	9.980398e-03	9.964048e-05
3.178831e+02	-2.428456e-03	7.770745e-03	6.628189e-05
3.187305e+02	-1.574979e-03	5.212408e-03	2.964975e-05
3.195780e+02	8.278734e-04	7.344181e-03	5.462238e-05
3.204255e+02	-2.719327e-03	1.289328e-02	1.736314e-04
3.212730e+02	-1.280988e-02	1.237585e-02	3.172547e-04
3.221204e+02	-1.856534e-02	1.869875e-03	3.481681e-04
3.229679e+02	-1.203952e-02	-7.569139e-03	2.022419e-04
3.238154e+02	-3.403976e-03	-5.362940e-03	4.034818e-05
3.246629e+02	-4.977998e-03	1.341369e-03	2.657974e-05
3.255103e+02	-1.315516e-02	-6.362892e-04	1.734630e-04
3.263578e+02	-1.460471e-02	-1.117067e-02	3.380816e-04
3.272053e+02	-6.342209e-03	-1.825804e-02	3.735797e-04
3.280528e+02	3.151451e-03	-1.735624e-02	3.111708e-04
3.289002e+02	8.624560e-03	-1.235042e-02	2.269160e-04
3.297477e+02	1.016401e-02	-6.914649e-03	1.511194e-04
3.305952e+02	8.061795e-03	-2.823552e-03	7.296499e-05
3.314427e+02	4.469371e-03	-3.779243e-03	3.425795e-05
3.322901e+02	6.961168e-03	-8.426389e-03	1.194619e-04
3.331376e+02	1.614194e-02	-6.899091e-03	3.081596e-04
3.339851e+02	2.072135e-02	4.882703e-03	4.532151e-04
3.348326e+02	1.209863e-02	1.540427e-02	3.836685e-04
3.356801e+02	5.888699e-04	1.268612e-02	1.612844e-04
3.365275e+02	1.922514e-04	4.364146e-03	1.908273e-05
3.373750e+02	7.161596e-03	4.880952e-03	7.511214e-05
3.382225e+02	7.186865e-03	1.409600e-02	2.503482e-04
3.390700e+02	-2.680545e-03	1.836021e-02	3.442827e-04
3.399174e+02	-1.136193e-02	1.287154e-02	2.947698e-04
3.407649e+02	-1.276317e-02	5.005057e-03	1.879492e-04
3.416124e+02	-1.019401e-02	7.960157e-04	1.045515e-04
3.424599e+02	-8.004470e-03	-1.848408e-04	6.410571e-05
3.433073e+02	-7.140907e-03	4.348799e-04	5.118167e-05
3.441548e+02	-9.467034e-03	8.654936e-04	9.037380e-05
3.450023e+02	-1.332721e-02	-3.474312e-03	1.896854e-04
3.458498e+02	-1.171177e-02	-1.233219e-02	2.892484e-04
3.466972e+02	-1.903375e-03	-1.683370e-02	2.869963e-04
3.475447e+02	6.610089e-03	-1.050847e-02	1.541212e-04
3.483922e+02	4.444927e-03	-2.310534e-03	2.509595e-05
3.492397e+02	-2.215047e-03	-3.544796e-03	1.747201e-05
3.500871e+02	-9.792565e-04	-1.137596e-02	1.303714e-04
3.509346e+02	8.719641e-03	-1.306574e-02	2.467456e-04
3.517821e+02	1.524396e-02	-4.965783e-03	2.570373e-04
3.526296e+02	1.293686e-02	4.055415e-03	1.838088e-04
3.534770e+02	6.639010e-03	7.049710e-03	9.377486e-05
3.543245e+02	2.819404e-03	5.192382e-03	3.490987e-05
3.551720e+02	2.795103e-03	3.007462e-03	1.685743e-05
3.560195e+02	4.773583e-03	3.367229e-03	3.412533e-05
3.568669e+02	5.254718e-03	7.339954e-03	8.148699e-05
3.577144e+02	6.602319e-04	1.157336e-02	1.343786e-04
3.585619e+02	-7.057833e-03	1.005875e-02	1.509914e-04
3.594094e+02	-9.912317e-03	2.073534e-03	1.025536e-04
3.602568e+02	-4.314622e-03	-3.454980e-03	3.055285e-05
3.611043e+02	1.569412e-03	-5.070505e-05	2.465627e-06
3.619518e+02	-1.032665e-03	6.324464e-03	4.106524e-05
3.627993e+02	-9.049876e-03	5.193125e-03	1.088688e-04
3.636467e+02	-1.117085e-02	-3.639348e-03	1.380327e-04
3.644942e+02	-4.297724e-03	-9.694692e-03	1.124575e-04
3.653417e+02	3.440229e-03	-7.067235e-03	6.178099e-05
3.661892e+02	4.392286e-03	-5.822288e-04	1.963117e-05
3.670366e+02	7.230987e-05	1.760701e-03	3.105298e-06
3.678841e+02	-2.411834e-03	-1.284835e-03	7.467742e-06
3.687316e+02	1.335202e-04	-4.509028e-03	2.034916e-05
3.695791e+02	4.743607e-03	-3.346642e-03	3.370182e-05
3.704265e+02	6.356577e-03	1.723162e-03	4.337535e-05
3.712740e+02	2.989112e-03	6.237360e-03	4.783945e-05
3.721215e+02	-2.672352e-03	6.272562e-03	4.648649e-05
3.729690e+02	-5.908631e-03	1.911995e-03	3.856764e-05
3.738164e+02	-4.209326e-03	-2.735972e-03	2.520397e-05
3.746639e+02	1.108742e-04	-3.255160e-03	1.060836e-05
3.755114e+02	1.739241e-03	5.057742e-04	3.280766e-06
3.763589e+02	-1.999948e-03	3.258876e-03	1.462006e-05
3.772064e+02	-6.730640e-03	3.120774e-05	4.530248e-05
3.780538e+02	-5.797453e-03	-6.690923e-03	7.837891e-05
3.789013e+02	8.927969e-04	-9.307056e-03	8.741837e-05
3.797488e+02	5.713446e-03	-4.909590e-03	5.674753e-05
3.805963e+02	3.739778e-03	-1.874121e-04	1.402106e-05
3.814437e+02	-1.804065e-05	-1.377037e-03	1.896555e-06
3.822912e+02	1.331787e-03	-5.626437e-03	3.343044e-05
3.831387e+02	7.084435e-03	-5.840708e-03	8.430309e-05
3.839862e+02	1.060715e-02	-7.148038e-04	1.130226e-04
3.848336e+02	9.219646e-03	4.992974e-03	1.099317e-04
3.856811e+02	5.118237e-03	7.922610e-03	8.896410e-05
3.865286e+02	1.127462e-03	7.750085e-03	6.133499e-05
3.873761e+02	-7.881317e-04	5.640091e-03	3.243178e-05
3.882235e+02	4.047834e-04	4.228597e-03	1.804488e-05
3.890710e+02	1.645262e-03	6.904740e-03	5.038232e-05
3.899185e+02	-2.340999e-03	1.103644e-02	1.272833e-04
3.907660e+02	-1.030195e-02	9.547572e-03	1.972863e-04
3.916134e+02	-1.370485e-02	1.265023e-03	1.894232e-04
3.924609e+02	-8.609705e-03	-4.836465e-03	9.751841e-05
3.933084e+02	-3.418601e-03	-2.888074e-03	2.002781e-05
3.941559e+02	-5.438134e-03	8.010421e-04	3.021496e-05
3.950033e+02	-1.064884e-02	-2.011333e-03	1.174434e-04
3.958508e+02	-1.040260e-02	-9.537247e-03	1.991731e-04
3.966983e+02	-4.294635e-03	-1.404592e-02	2.157317e-04
3.975458e+02	2.318465e-03	-1.358978e-02	1.900573e-04
3.983932e+02	6.587704e-03	-1.050947e-02	1.538468e-04
3.992407e+02	8.291741e-03	-6.959671e-03	1.171900e-04
4.000882e+02	7.746208e-03	-4.811694e-03	8.315614e-05
4.009357e+02	8.287019e-03	-5.634035e-03	1.004170e-04
4.017831e+02	1.336708e-02	-4.971777e-03	2.033975e-04
4.026306e+02	1.802413e-02	2.618366e-03	3.317252e-04
4.034781e+02	1.398588e-02	1.274625e-02	3.580717e-04
4.043256e+02	3.793416e-03	1.400911e-02	2.106451e-04
4.051730e+02	7.669942e-04	7.305305e-03	5.395576e-05
4.060205e+02	6.410945e-03	6.376065e-03	8.175441e-05
4.068680e+02	7.550884e-03	1.540718e-02	2.943970e-04
4.077155e+02	-3.002986e-03	2.198552e-02	4.923811e-04
4.085629e+02	-1.424590e-02	1.609529e-02	4.620040e-04
4.094104e+02	-1.575120e-02	6.298925e-03	2.877768e-04
4.102579e+02	-1.243620e-02	2.468936e-03	1.607547e-04
4.111054e+02	-1.259820e-02	2.482788e-03	1.648788e-04
4.119528e+02	-1.535349e-02	-2.655223e-04	2.358003e-04
4.128003e+02	-1.584259e-02	-5.298215e-03	2.790586e-04
4.136478e+02	-1.452703e-02	-1.066033e-02	3.246772e-04
4.144953e+02	-1.069556e-02	-1.664506e-02	3.914531e-04
4.153427e+02	-2.692556e-03	-2.025824e-02	4.176460e-04
4.161902e+02	5.220007e-03	-1.699624e-02	3.161208e-04
4.170377e+02	5.770505e-03	-1.161022e-02	1.680958e-04
4.178852e+02	4.207074e-03	-1.351515e-02	2.003588e-04
4.187326e+02	1.118668e-02	-1.808554e-02	4.522285e-04
4.195801e+02	2.344057e-02	-1.259155e-02	7.080075e-04
4.204276e+02	2.561918e-02	2.110942e-03	6.607984e-04
4.212751e+02	1.626879e-02	9.724242e-03	3.592345e-04
4.221226e+02	1.090055e-02	6.789139e-03	1.649144e-04
4.229700e+02	1.485102e-02	6.400294e-03	2.615165e-04
4.238175e+02	1.673691e-02	1.532613e-02	5.150143e-04
4.246650e+02	8.618221e-03	2.325175e-02	6.149176e-04
4.255125e+02	-1.278803e-03	2.290896e-02	5.264559e-04
4.263599e+02	-7.058196e-03	1.979669e-02	4.417272e-04
4.272074e+02	-1.193405e-02	1.761167e-02	4.525927e-04
4.280549e+02	-1.734880e-02	1.324636e-02	4.764469e-04
4.289024e+02	-1.878985e-02	6.890354e-03	4.005353e-04
4.297498e+02	-1.867209e-02	3.723821e-03	3.625138e-04
4.305973e+02	-2.218820e-02	1.025541e-04	4.923269e-04
4.314448e+02	-2.439466e-02	-9.824966e-03	6.916294e-04
4.322923e+02	-1.710387e-02	-2.011337e-02	6.970900e-04
4.331397e+02	-6.473927e-03	-1.959428e-02	4.258475e-04
4.339872e+02	-5.186508e-03	-1.517309e-02	2.571225e-04
4.348347e+02	-7.413110e-03	-1.992792e-02	4.520760e-04
4.356822e+02	9.867208e-04	-2.921642e-02	8.545729e-04
4.365296e+02	1.698309e-02	-2.672865e-02	1.002846e-03
4.373771e+02	2.299286e-02	-1.346569e-02	7.099961e-04
4.382246e+02	1.906386e-02	-6.154953e-03	4.013141e-04
4.390721e+02	1.913663e-02	-6.413766e-03	4.073471e-04
4.399195e+02	2.537383e-02	-2.005858e-03	6.478549e-04
4.407670e+02	2.552717e-02	9.189800e-03	7.360888e-04
4.416145e+02	1.811945e-02	1.539149e-02	5.652124e-04
4.424620e+02	1.377208e-02	1.627026e-02	4.543914e-04
4.433094e+02	1.221547e-02	2.052335e-02	5.704256e-04
4.441569e+02	4.867291e-03	2.687243e-02	7.458179e-04
4.450044e+02	-6.088281e-03	2.507729e-02	6.659374e-04
4.458519e+02	-9.848754e-03	1.864659e-02	4.446932e-04
4.466993e+02	-1.058094e-02	1.825257e-02	4.451125e-04
4.475468e+02	-1.854006e-02	1.944058e-02	7.216701e-04
4.483943e+02	-2.888232e-02	1.051310e-02	9.447137e-04
4.492418e+02	-2.701369e-02	-3.855965e-03	7.446080e-04
4.500892e+02	-1.789675e-02	-7.980038e-03	3.839745e-04
4.509367e+02	-1.699481e-02	-5.356437e-03	3.175149e-04
4.517842e+02	-2.235811e-02	-1.083007e-02	6.171754e-04
4.526317e+02	-1.856800e-02	-2.380606e-02	9.114989e-04
4.534791e+02	-4.679590e-03	-2.790636e-02	8.006634e-04
4.543266e+02	4.036113e-03	-2.206599e-02	5.031980e-04
4.551741e+02	5.283718e-03	-1.875784e-02	3.797744e-04
4.560216e+02	9.202765e-03	-2.043806e-02	5.024051e-04
4.568690e+02	1.761109e-02	-1.756359e-02	6.186305e-04
4.577165e+02	2.093148e-02	-9.106696e-03	5.210587e-04
4.585640e+02	1.981430e-02	-3.827823e-03	4.072588e-04
4.594115e+02	2.128364e-02	-6.523281e-04	4.534190e-04
4.602589e+02	2.324288e-02	6.865452e-03	5.873659e-04
4.611064e+02	1.816343e-02	1.526244e-02	5.628524e-04
4.619539e+02	1.079972e-02	1.610603e-02	3.760381e-04
4.628014e+02	9.804197e-03	1.555877e-02	3.381976e-04
4.636488e+02	8.753791e-03	2.200320e-02	5.607698e-04
4.644963e+02	-2.059804e-03	2.842262e-02	8.120881e-04
4.653438e+02	-1.526996e-02	2.204997e-02	7.193728e-04
4.661913e+02	-1.621699e-02	1.017569e-02	3.665353e-04
4.670388e+02	-1.097116e-02	8.193644e-03	1.875022e-04
4.678862e+02	-1.440477e-02	1.219520e-02	3.562202e-04
4.687337e+02	-2.425672e-02	6.977661e-03	6.370763e-04
4.695812e+02	-2.402347e-02	-6.648233e-03	6.213262e-04
4.704287e+02	-1.400113e-02	-1.245950e-02	3.512707e-04
4.712761e+02	-8.959908e-03	-9.164779e-03	1.642731e-04
4.721236e+02	-1.166156e-02	-9.433918e-03	2.249909e-04
4.729711e+02	-1.047098e-02	-1.691613e-02	3.957969e-04
4.738186e+02	-1.071317e-03	-2.018218e-02	4.084682e-04
4.746660e+02	6.231780e-03	-1.544572e-02	2.774054e-04
4.755135e+02	7.256227e-03	-1.077711e-02	1.687989e-04
4.763610e+02	7.974809e-03	-1.021139e-02	1.678701e-04
4.772085e+02	1.176604e-02	-8.733202e-03	2.147085e-04
4.780559e+02	1.388216e-02	-3.760198e-03	2.068533e-04
4.789034e+02	1.313726e-02	5.499719e-04	1.728901e-04
4.797509e+02	1.246222e-02	3.673875e-03	1.688042e-04
4.805984e+02	1.129382e-02	7.983051e-03	1.912795e-04
4.814458e+02	6.588245e-03	1.160416e-02	1.780616e-04
4.822933e+02	1.189587e-03	1.036062e-02	1.087575e-04
4.831408e+02	1.147811e-04	7.642090e-03	5.841472e-05
4.839883e+02	5.116570e-04	8.595045e-03	7.413660e-05
4.848357e+02	-3.091356e-03	1.073351e-02	1.247647e-04
4.856832e+02	-8.324124e-03	7.673037e-03	1.281665e-04
4.865307e+02	-8.147121e-03	1.750462e-03	6.943970e-05
4.873782e+02	-4.441142e-03	3.440928e-04	1.984214e-05
4.882256e+02	-4.293703e-03	2.705965e-03	2.575813e-05
4.890731e+02	-7.965103e-03	1.834534e-03	6.680838e-05
4.899206e+02	-8.197563e-03	-3.392949e-03	7.871214e-05
4.907681e+02	-3.509690e-03	-5.906824e-03	4.720850e-05
4.916155e+02	-3.198633e-04	-3.526436e-03	1.253806e-05
4.924630e+02	-1.540149e-03	-1.584744e-03	4.883472e-06
4.933105e+02	-2.596133e-03	-3.532147e-03	1.921596e-05
4.941580e+02	4.112703e-04	-5.147014e-03	2.666089e-05
4.950054e+02	3.550511e-03	-2.533541e-03	1.902496e-05
4.958529e+02	2.590967e-03	1.261082e-03	8.303439e-06
4.967004e+02	-6.404687e-04	1.781532e-03	3.584056e-06
4.975479e+02	-1.749157e-03	-2.571465e-04	3.125674e-06
4.983953e+02	-7.574137e-04	-8.874110e-04	1.361174e-06
4.992428e+02	-8.587564e-04	-1.388187e-04	7.567332e-07
5.000903e+02	-2.127320e-03	-6.325172e-04	4.925567e-06
5.009378e+02	-2.157760e-03	-2.542910e-03	1.112232e-05
5.017852e+02	-6.394729e-04	-3.458389e-03	1.236938e-05
5.026327e+02	1.225580e-04	-3.096404e-03	9.602736e-06
5.034802e+02	2.774791e-04	-3.599825e-03	1.303573e-05
5.043277e+02	1.840437e-03	-4.597745e-03	2.452647e-05
5.051751e+02	4.382797e-03	-3.817528e-03	3.378243e-05
5.060226e+02	5.151353e-03	-1.565895e-03	2.898847e-05
5.068701e+02	4.543737e-03	-8.273686e-04	2.133008e-05
5.077176e+02	5.749307e-03	-8.865127e-04	3.384044e-05
5.085650e+02	7.997077e-03	1.698923e-03	6.683958e-05
5.094125e+02	7.134683e-03	6.554445e-03	9.386446e-05
5.102600e+02	2.624804e-03	8.760450e-03	8.363509e-05
5.111075e+02	-4.967352e-04	7.123348e-03	5.098883e-05
5.119550e+02	-5.281533e-04	6.338048e-03	4.044979e-05
5.128024e+02	-1.761041e-03	8.600676e-03	7.707290e-05
5.136499e+02	-7.397137e-03	9.721937e-03	1.492337e-04
5.144974e+02	-1.374558e-02	4.844596e-03	2.124110e-04
5.153449e+02	-1.412290e-02	-3.762247e-03	2.136109e-04
5.161923e+02	-8.573376e-03	-7.932734e-03	1.364310e-04
5.170398e+02	-6.606875e-03	-4.807936e-03	6.676705e-05
5.178873e+02	-1.584332e-02	-5.305495e-03	2.791591e-04
