# Retrieved Pulse - Time Domain (Full Field)
# Time (fs)	Real(E)	Imag(E)	Normalized Intensity
# # Note: This is the time-domain electric field E(t).
# # To compare the spectrum with the GUI (I(lambda)), calculate |FFT(E)|^2 / lambda^2.
-6.661507e+02	2.610104e-04	-7.536840e-04	6.361660e-07
-6.652442e+02	5.183822e-04	-4.762440e-04	4.955285e-07
-6.643377e+02	6.295777e-04	-1.561990e-04	4.207662e-07
-6.634312e+02	5.948352e-04	1.687678e-04	3.823115e-07
-6.625247e+02	4.097297e-04	4.418746e-04	3.631316e-07
-6.616183e+02	1.011494e-04	5.859566e-04	3.535764e-07
-6.607118e+02	-2.502137e-04	5.339501e-04	3.477096e-07
-6.598053e+02	-5.160752e-04	2.734769e-04	3.411232e-07
-6.588988e+02	-5.631865e-04	-1.142583e-04	3.302340e-07
-6.579923e+02	-3.302753e-04	-4.516451e-04	3.130651e-07
-6.570858e+02	9.369561e-05	-5.317232e-04	2.915084e-07
-6.561793e+02	4.591081e-04	-2.535585e-04	2.750722e-07
-6.552728e+02	4.737856e-04	2.476485e-04	2.858026e-07
-6.543664e+02	3.548994e-05	5.941050e-04	3.542203e-07
-6.534599e+02	-5.698773e-04	4.217194e-04	5.026074e-07
-6.525534e+02	-8.211035e-04	-2.456089e-04	7.345347e-07
-6.516469e+02	-4.044122e-04	-9.302094e-04	1.028839e-06
-6.507404e+02	4.680655e-04	-1.058818e-03	1.340181e-06
-6.498339e+02	1.186249e-03	-4.495038e-04	1.609240e-06
-6.489274e+02	1.231020e-03	5.313221e-04	1.797712e-06
-6.480210e+02	5.448627e-04	1.261674e-03	1.888696e-06
-6.471145e+02	-4.553205e-04	1.291336e-03	1.874865e-06
-6.462080e+02	-1.168651e-03	6.249709e-04	1.756334e-06
-6.453015e+02	-1.203749e-03	-3.019608e-04	1.540191e-06
-6.443950e+02	-6.226377e-04	-9.277719e-04	1.248438e-06
-6.434885e+02	1.342298e-04	-9.555958e-04	9.311810e-07
-6.425820e+02	6.078416e-04	-5.146937e-04	6.343811e-07
-6.416755e+02	6.229036e-04	1.917626e-05	3.883767e-07
-6.407691e+02	3.199674e-04	3.237478e-04	2.071918e-07
-6.398626e+02	-2.476931e-05	3.026456e-04	9.220787e-08
-6.389561e+02	-1.833841e-04	6.233514e-05	3.751541e-08
-6.380496e+02	-7.065689e-05	-1.710076e-04	3.423601e-08
-6.371431e+02	1.912973e-04	-1.841151e-04	7.049304e-08
-6.362366e+02	3.533904e-04	5.189670e-05	1.275781e-07
-6.353301e+02	2.482129e-04	3.447076e-04	1.804330e-07
-6.344236e+02	-5.289584e-05	4.480233e-04	2.035228e-07
-6.335172e+02	-3.150901e-04	2.986407e-04	1.884680e-07
-6.326107e+02	-3.795125e-04	4.377725e-05	1.459462e-07
-6.317042e+02	-2.748217e-04	-1.315004e-04	9.281932e-08
-6.307977e+02	-1.490794e-04	-1.600427e-04	4.783831e-08
-6.298912e+02	-1.234833e-04	-1.239989e-04	3.062387e-08
-6.289847e+02	-1.876629e-04	-1.689185e-04	6.375083e-08
-6.280782e+02	-1.813370e-04	-3.702428e-04	1.699628e-07
-6.271717e+02	7.729304e-05	-5.883904e-04	3.521774e-07
-6.262653e+02	5.464586e-04	-5.345694e-04	5.843814e-07
-6.253588e+02	8.997042e-04	-6.474937e-05	8.136601e-07
-6.244523e+02	7.847389e-04	5.954461e-04	9.703712e-07
-6.235458e+02	1.910661e-04	9.816985e-04	1.000238e-06
-6.226393e+02	-4.935290e-04	8.190209e-04	9.143661e-07
-6.217328e+02	-8.308629e-04	2.452010e-04	7.504567e-07
-6.208263e+02	-6.617780e-04	-3.361306e-04	5.509339e-07
-6.199199e+02	-1.794226e-04	-5.680853e-04	3.549133e-07
-6.190134e+02	2.453600e-04	-3.682084e-04	1.957789e-07
-6.181069e+02	3.153629e-04	4.451684e-05	1.014355e-07
-6.172004e+02	1.538193e-05	2.957398e-04	8.769863e-08
-6.162939e+02	-3.566408e-04	1.547237e-04	1.511321e-07
-6.153874e+02	-4.444581e-04	-2.655368e-04	2.680528e-07
-6.144809e+02	-1.423524e-04	-6.167815e-04	4.006836e-07
-6.135744e+02	3.363744e-04	-6.309562e-04	5.112534e-07
-6.126680e+02	6.995746e-04	-3.160936e-04	5.893198e-07
-6.117615e+02	7.887836e-04	1.579384e-04	6.471241e-07
-6.108550e+02	5.782730e-04	5.998000e-04	6.941597e-07
-6.099485e+02	1.384726e-04	8.411728e-04	7.267463e-07
-6.090420e+02	-3.668888e-04	7.694215e-04	7.266168e-07
-6.081355e+02	-7.131287e-04	4.063774e-04	6.736951e-07
-6.072290e+02	-7.628250e-04	-5.972478e-05	5.854690e-07
-6.063225e+02	-5.545179e-04	-4.277684e-04	4.904759e-07
-6.054161e+02	-2.161062e-04	-5.984085e-04	4.047946e-07
-6.045096e+02	1.280962e-04	-5.589719e-04	3.288582e-07
-6.036031e+02	3.683659e-04	-3.402920e-04	2.514921e-07
-6.026966e+02	4.047633e-04	-4.091297e-05	1.655072e-07
-6.017901e+02	2.425127e-04	1.631207e-04	8.542077e-08
-6.008836e+02	3.056496e-05	1.667594e-04	2.874290e-08
-5.999771e+02	-6.725627e-05	2.330836e-05	5.066686e-09
-5.990706e+02	1.857869e-06	-1.240584e-04	1.539394e-08
-5.981642e+02	1.805278e-04	-1.639290e-04	5.946298e-08
-5.972577e+02	3.801277e-04	-3.978398e-05	1.460798e-07
-5.963512e+02	4.638646e-04	2.681418e-04	2.870704e-07
-5.954447e+02	2.682905e-04	6.393580e-04	4.807584e-07
-5.945382e+02	-2.227881e-04	8.077904e-04	7.021599e-07
-5.936317e+02	-7.690620e-04	5.587033e-04	9.036057e-07
-5.927252e+02	-1.013276e-03	-4.035790e-05	1.028357e-06
-5.918188e+02	-7.904283e-04	-6.595766e-04	1.059818e-06
-5.909123e+02	-2.329966e-04	-9.809048e-04	1.016462e-06
-5.900058e+02	3.692999e-04	-8.840518e-04	9.179299e-07
-5.890993e+02	7.475368e-04	-4.684190e-04	7.782276e-07
-5.881928e+02	7.779291e-04	2.948946e-05	6.060433e-07
-5.872863e+02	5.330377e-04	3.640835e-04	4.166860e-07
-5.863798e+02	2.436444e-04	4.459728e-04	2.582544e-07
-5.854733e+02	7.305117e-05	4.082830e-04	1.720315e-07
-5.845669e+02	-3.186258e-05	4.069115e-04	1.665922e-07
-5.836604e+02	-2.088300e-04	4.142985e-04	2.152533e-07
-5.827539e+02	-4.387791e-04	2.701395e-04	2.655024e-07
-5.818474e+02	-5.163588e-04	-5.398393e-05	2.695407e-07
-5.809409e+02	-3.224473e-04	-3.481976e-04	2.252138e-07
-5.800344e+02	1.589944e-05	-3.935290e-04	1.551179e-07
-5.791279e+02	2.432504e-04	-1.710622e-04	8.843305e-08
-5.782214e+02	1.911892e-04	1.276377e-04	5.284470e-08
-5.773150e+02	-1.009042e-04	2.518133e-04	7.359159e-08
-5.764085e+02	-4.096133e-04	5.159739e-05	1.704453e-07
-5.755020e+02	-4.366237e-04	-3.947814e-04	3.464926e-07
-5.745955e+02	-4.385901e-05	-7.629784e-04	5.840597e-07
-5.736890e+02	5.770015e-04	-7.150323e-04	8.442019e-07
-5.727825e+02	1.018509e-03	-1.940140e-04	1.075003e-06
-5.718760e+02	9.851150e-04	5.111807e-04	1.231757e-06
-5.709695e+02	5.089020e-04	1.031879e-03	1.323755e-06
-5.700631e+02	-1.826915e-04	1.164247e-03	1.388848e-06
-5.691566e+02	-8.323152e-04	8.691535e-04	1.448176e-06
-5.682501e+02	-1.199860e-03	2.323244e-04	1.493639e-06
-5.673436e+02	-1.103261e-03	-5.205448e-04	1.488151e-06
-5.664371e+02	-5.443445e-04	-1.044859e-03	1.388042e-06
-5.655306e+02	1.957682e-04	-1.079572e-03	1.203801e-06
-5.646241e+02	7.358875e-04	-6.548428e-04	9.703495e-07
-5.637177e+02	8.478332e-04	-5.025156e-05	7.213464e-07
-5.628112e+02	5.665344e-04	4.029242e-04	4.833091e-07
-5.619047e+02	1.278155e-04	5.090472e-04	2.754659e-07
-5.609982e+02	-1.744036e-04	2.938161e-04	1.167445e-07
-5.600917e+02	-1.643070e-04	4.829180e-06	2.702011e-08
-5.591852e+02	4.750007e-05	-7.781166e-05	8.310912e-09
-5.582787e+02	1.734806e-04	8.482198e-05	3.729029e-08
-5.573722e+02	6.057107e-05	2.610139e-04	7.179712e-08
-5.564658e+02	-1.370185e-04	2.283910e-04	7.093652e-08
-5.555593e+02	-1.702099e-04	6.749850e-05	3.352745e-08
-5.546528e+02	-5.416325e-05	3.261391e-05	3.997325e-09
-5.537463e+02	-3.828193e-05	1.864426e-04	3.622634e-08
-5.528398e+02	-2.864372e-04	3.000983e-04	1.721053e-07
-5.519333e+02	-6.495794e-04	9.039364e-05	4.301244e-07
-5.510268e+02	-7.649341e-04	-4.672600e-04	8.034561e-07
-5.501203e+02	-3.620956e-04	-1.064693e-03	1.264685e-06
-5.492139e+02	4.868636e-04	-1.234608e-03	1.761293e-06
-5.483074e+02	1.316518e-03	-6.938095e-04	2.214592e-06
-5.474009e+02	1.549053e-03	3.600845e-04	2.529225e-06
-5.464944e+02	9.529016e-04	1.305102e-03	2.611314e-06
-5.455879e+02	-1.119339e-04	1.550110e-03	2.415371e-06
-5.446814e+02	-9.804730e-04	1.034188e-03	2.030873e-06
-5.437749e+02	-1.243650e-03	1.849825e-04	1.580883e-06
-5.428685e+02	-9.505177e-04	-5.073964e-04	1.160935e-06
-5.419620e+02	-4.072973e-04	-8.099126e-04	8.218495e-07
-5.410555e+02	1.082260e-04	-7.462813e-04	5.686486e-07
-5.401490e+02	4.320423e-04	-4.383311e-04	3.787947e-07
-5.392425e+02	4.820678e-04	-5.778123e-05	2.357280e-07
-5.383360e+02	2.968832e-04	2.133114e-04	1.336414e-07
-5.374295e+02	1.569762e-05	2.661505e-04	7.108251e-08
-5.365230e+02	-1.965461e-04	1.044784e-04	4.954612e-08
-5.356166e+02	-2.149424e-04	-1.757699e-04	7.709530e-08
-5.347101e+02	2.198158e-05	-4.059850e-04	1.653070e-07
-5.338036e+02	4.253042e-04	-3.656185e-04	3.145605e-07
-5.328971e+02	7.089117e-04	3.093308e-05	5.035127e-07
-5.319906e+02	5.950930e-04	5.754681e-04	6.852992e-07
-5.310841e+02	9.428045e-05	8.884593e-04	7.982488e-07
-5.301776e+02	-4.636341e-04	7.621330e-04	7.958033e-07
-5.292711e+02	-7.642932e-04	3.531861e-04	7.088844e-07
-5.283647e+02	-7.779133e-04	-6.641944e-05	6.095606e-07
-5.274582e+02	-6.432233e-04	-3.810448e-04	5.589314e-07
-5.265517e+02	-4.409174e-04	-6.281554e-04	5.889873e-07
-5.256452e+02	-1.328459e-04	-8.236712e-04	6.960823e-07
-5.247387e+02	3.080016e-04	-8.711146e-04	8.537056e-07
-5.238322e+02	7.942272e-04	-6.452591e-04	1.047156e-06
-5.229257e+02	1.112751e-03	-9.675299e-05	1.247575e-06
-5.220192e+02	1.009312e-03	6.196789e-04	1.402714e-06
-5.211128e+02	4.081898e-04	1.131338e-03	1.446544e-06
-5.202063e+02	-4.067228e-04	1.074417e-03	1.319795e-06
-5.192998e+02	-9.050493e-04	4.568634e-04	1.027838e-06
-5.183933e+02	-7.800936e-04	-2.486952e-04	6.703954e-07
-5.174868e+02	-2.449342e-04	-5.395791e-04	3.511384e-07
-5.165803e+02	2.021589e-04	-3.160285e-04	1.407422e-07
-5.156738e+02	2.329913e-04	1.013839e-04	6.456365e-08
-5.147674e+02	-8.573422e-05	3.168939e-04	1.077721e-07
-5.138609e+02	-4.540438e-04	1.621183e-04	2.324382e-07
-5.129544e+02	-5.716643e-04	-2.693466e-04	3.993477e-07
-5.120479e+02	-3.023798e-04	-6.919179e-04	5.701839e-07
-5.111414e+02	2.256485e-04	-8.081882e-04	7.040854e-07
-5.102349e+02	6.973132e-04	-5.263629e-04	7.633035e-07
-5.093284e+02	8.551826e-04	-3.602637e-05	7.326351e-07
-5.084219e+02	7.118293e-04	3.917341e-04	6.601565e-07
-5.075155e+02	4.234709e-04	6.537902e-04	6.067693e-07
-5.066090e+02	7.926282e-05	7.703398e-04	5.997061e-07
-5.057025e+02	-2.980760e-04	7.315486e-04	6.240127e-07
-5.047960e+02	-6.252949e-04	4.907649e-04	6.318439e-07
-5.038895e+02	-7.557933e-04	1.064777e-04	5.825610e-07
-5.029830e+02	-6.627268e-04	-2.515166e-04	5.024674e-07
-5.020765e+02	-4.412440e-04	-4.839160e-04	4.288710e-07
-5.011700e+02	-1.771566e-04	-5.884831e-04	3.776969e-07
-5.002636e+02	8.998278e-05	-5.746844e-04	3.383591e-07
-4.993571e+02	3.031562e-04	-4.389786e-04	2.846059e-07
-4.984506e+02	3.902020e-04	-2.492153e-04	2.143659e-07
-4.975441e+02	3.930599e-04	-1.157527e-04	1.678948e-07
-4.966376e+02	4.188343e-04	-2.974895e-05	1.763072e-07
-4.957311e+02	4.786495e-04	1.116979e-04	2.415818e-07
-4.948246e+02	4.652644e-04	3.466630e-04	3.366462e-07
-4.939181e+02	2.980280e-04	5.789788e-04	4.240372e-07
-4.930117e+02	1.342160e-05	7.131321e-04	5.087376e-07
-4.921052e+02	-3.465363e-04	7.108261e-04	6.253611e-07
-4.911987e+02	-7.276648e-04	5.011803e-04	7.806778e-07
-4.902922e+02	-9.677094e-04	3.852843e-05	9.379460e-07
-4.893857e+02	-8.559329e-04	-5.396607e-04	1.023855e-06
-4.884792e+02	-3.709393e-04	-9.102258e-04	9.661070e-07
-4.875727e+02	2.017986e-04	-8.637661e-04	7.868146e-07
-4.866663e+02	5.463299e-04	-5.080358e-04	5.565768e-07
-4.857598e+02	5.674052e-04	-1.167722e-04	3.355844e-07
-4.848533e+02	3.883082e-04	1.002467e-04	1.608327e-07
-4.839468e+02	2.076103e-04	9.583235e-05	5.228589e-08
-4.830403e+02	1.963856e-04	-3.584719e-05	3.985231e-08
-4.821338e+02	4.135285e-04	-5.651308e-05	1.741996e-07
-4.812273e+02	6.383667e-04	2.527889e-04	4.714143e-07
-4.803208e+02	5.050472e-04	7.920729e-04	8.824522e-07
-4.794144e+02	-1.084915e-04	1.132239e-03	1.293735e-06
-4.785079e+02	-8.642034e-04	8.995121e-04	1.555969e-06
-4.776014e+02	-1.245721e-03	1.837540e-04	1.585587e-06
-4.766949e+02	-1.050514e-03	-5.679529e-04	1.426151e-06
-4.757884e+02	-4.695371e-04	-9.626487e-04	1.147158e-06
-4.748819e+02	1.265047e-04	-8.913904e-04	8.105803e-07
-4.739754e+02	4.351348e-04	-5.273300e-04	4.674193e-07
-4.730689e+02	3.757412e-04	-1.943502e-04	1.789535e-07
-4.721625e+02	1.754577e-04	-1.792262e-04	6.290744e-08
-4.712560e+02	2.422795e-04	-4.138294e-04	2.299541e-07
-4.703495e+02	7.024188e-04	-4.520412e-04	6.977334e-07
-4.694430e+02	1.168727e-03	6.333043e-05	1.369933e-06
-4.685365e+02	1.074968e-03	9.467888e-04	2.051965e-06
-4.676300e+02	2.744939e-04	1.563697e-03	2.520496e-06
-4.667235e+02	-7.870302e-04	1.442751e-03	2.700947e-06
-4.658170e+02	-1.490843e-03	6.277944e-04	2.616738e-06
-4.649106e+02	-1.460137e-03	-4.185605e-04	2.307192e-06
-4.640041e+02	-7.594119e-04	-1.111766e-03	1.812730e-06
-4.630976e+02	1.392752e-04	-1.081325e-03	1.188661e-06
-4.621911e+02	6.047921e-04	-4.419941e-04	5.611322e-07
-4.612846e+02	3.389955e-04	1.694714e-04	1.436385e-07
-4.603781e+02	-2.584298e-04	1.500947e-04	8.931436e-08
-4.594716e+02	-4.598566e-04	-4.609527e-04	4.239454e-07
-4.585652e+02	7.028438e-05	-1.016379e-03	1.037966e-06
-4.576587e+02	9.537735e-04	-9.027055e-04	1.724561e-06
-4.567522e+02	1.513193e-03	-9.913803e-05	2.299582e-06
-4.558457e+02	1.349400e-03	9.305622e-04	2.686826e-06
-4.549392e+02	5.127298e-04	1.605780e-03	2.841422e-06
-4.540327e+02	-5.540073e-04	1.553299e-03	2.719661e-06
-4.531262e+02	-1.261179e-03	8.355592e-04	2.288731e-06
-4.522197e+02	-1.256479e-03	-4.066745e-05	1.580394e-06
-4.513133e+02	-7.727308e-04	-4.866661e-04	8.339568e-07
-4.504068e+02	-4.050092e-04	-4.340903e-04	3.524669e-07
-4.495003e+02	-4.294880e-04	-3.408054e-04	3.006083e-07
-4.485938e+02	-5.497489e-04	-5.984263e-04	6.603380e-07
-4.476873e+02	-3.065693e-04	-1.075008e-03	1.249626e-06
-4.467808e+02	3.647062e-04	-1.299817e-03	1.822535e-06
-4.458743e+02	1.133693e-03	-9.985241e-04	2.282309e-06
-4.449678e+02	1.602193e-03	-2.133000e-04	2.612519e-06
-4.440614e+02	1.482150e-03	7.592211e-04	2.773184e-06
-4.431549e+02	7.473421e-04	1.457381e-03	2.682479e-06
-4.422484e+02	-2.476379e-04	1.479484e-03	2.250199e-06
-4.413419e+02	-8.902788e-04	8.494627e-04	1.514183e-06
-4.404354e+02	-8.555374e-04	1.322960e-04	7.494465e-07
-4.395289e+02	-4.423045e-04	-1.372413e-04	2.144685e-07
-4.386224e+02	-2.012462e-04	5.278069e-05	4.328582e-08
-4.377159e+02	-3.865791e-04	2.893696e-04	2.331782e-07
-4.368095e+02	-8.121332e-04	2.011579e-04	7.000248e-07
-4.359030e+02	-1.145384e-03	-3.068122e-04	1.406039e-06
-4.349965e+02	-1.044508e-03	-1.127484e-03	2.362217e-06
-4.340900e+02	-2.606952e-04	-1.847009e-03	3.479404e-06
-4.331835e+02	1.017146e-03	-1.865118e-03	4.513252e-06
-4.322770e+02	2.068138e-03	-9.063933e-04	5.098744e-06
-4.313705e+02	2.144238e-03	5.441882e-04	4.893896e-06
-4.304641e+02	1.250089e-03	1.558839e-03	3.992700e-06
-4.295576e+02	1.070675e-04	1.667660e-03	2.792553e-06
-4.286511e+02	-5.976258e-04	1.138689e-03	1.653769e-06
-4.277446e+02	-7.056704e-04	5.588506e-04	8.102847e-07
-4.268381e+02	-5.140491e-04	3.153046e-04	3.636635e-07
-4.259316e+02	-4.296199e-04	4.278106e-04	3.675952e-07
-4.250251e+02	-7.644107e-04	5.871938e-04	9.291203e-07
-4.241186e+02	-1.398313e-03	2.655313e-04	2.025786e-06
-4.232122e+02	-1.691815e-03	-7.273849e-04	3.391326e-06
-4.223057e+02	-1.063023e-03	-1.847736e-03	4.544148e-06
-4.213992e+02	2.947802e-04	-2.200949e-03	4.931070e-06
-4.204927e+02	1.450206e-03	-1.493063e-03	4.332336e-06
-4.195862e+02	1.748865e-03	-3.698913e-04	3.195347e-06
-4.186797e+02	1.369283e-03	4.228153e-04	2.053708e-06
-4.177732e+02	8.736407e-04	6.994864e-04	1.252529e-06
-4.168667e+02	5.793537e-04	7.334337e-04	8.735757e-07
-4.159603e+02	4.416291e-04	7.800068e-04	8.034469e-07
-4.150538e+02	3.350571e-04	9.444569e-04	1.004262e-06
-4.141473e+02	4.942084e-05	1.251541e-03	1.568796e-06
-4.132408e+02	-6.129982e-04	1.443577e-03	2.459681e-06
-4.123343e+02	-1.484987e-03	1.109080e-03	3.435245e-06
-4.114278e+02	-2.020274e-03	1.591390e-04	4.106831e-06
-4.105213e+02	-1.814401e-03	-9.261407e-04	4.149788e-06
-4.096148e+02	-1.092424e-03	-1.612070e-03	3.792160e-06
-4.087084e+02	-2.626224e-04	-1.850562e-03	3.493549e-06
-4.078019e+02	5.508951e-04	-1.775518e-03	3.455949e-06
-4.068954e+02	1.311747e-03	-1.344377e-03	3.528030e-06
-4.059889e+02	1.744081e-03	-5.183809e-04	3.310539e-06
-4.050824e+02	1.557892e-03	3.333288e-04	2.538134e-06
-4.041759e+02	1.051515e-03	7.275577e-04	1.635024e-06
-4.032694e+02	7.504942e-04	7.733245e-04	1.161272e-06
-4.023630e+02	6.956687e-04	9.460916e-04	1.379044e-06
-4.014565e+02	4.575825e-04	1.390228e-03	2.142114e-06
-4.005500e+02	-2.199441e-04	1.715561e-03	2.991525e-06
-3.996435e+02	-1.072627e-03	1.561612e-03	3.589161e-06
-3.987370e+02	-1.780069e-03	9.562293e-04	4.083022e-06
-3.978305e+02	-2.145945e-03	7.361370e-06	4.605132e-06
-3.969240e+02	-1.956082e-03	-1.103571e-03	5.044127e-06
-3.960175e+02	-1.109563e-03	-1.956115e-03	5.057516e-06
-3.951111e+02	4.192290e-05	-2.071880e-03	4.294444e-06
-3.942046e+02	8.160569e-04	-1.545596e-03	3.054816e-06
-3.932981e+02	1.060630e-03	-1.017441e-03	2.160124e-06
-3.923916e+02	1.239432e-03	-7.477041e-04	2.095253e-06
-3.914851e+02	1.621156e-03	-3.651026e-04	2.761447e-06
-3.905786e+02	1.825652e-03	4.481022e-04	3.533800e-06
-3.896721e+02	1.383154e-03	1.317345e-03	3.648511e-06
-3.887656e+02	5.443420e-04	1.676597e-03	3.107287e-06
-3.878592e+02	-1.638192e-04	1.555718e-03	2.447095e-06
-3.869527e+02	-6.172562e-04	1.304931e-03	2.083851e-06
-3.860462e+02	-1.001033e-03	1.042790e-03	2.089477e-06
-3.851397e+02	-1.343726e-03	6.346760e-04	2.208414e-06
-3.842332e+02	-1.474596e-03	1.100052e-04	2.186534e-06
-3.833267e+02	-1.460932e-03	-3.836213e-04	2.281488e-06
-3.824202e+02	-1.371430e-03	-9.533261e-04	2.789650e-06
-3.815138e+02	-9.683888e-04	-1.657025e-03	3.683510e-06
-3.806073e+02	-2.963813e-05	-2.134282e-03	4.556036e-06
-3.797008e+02	1.125338e-03	-1.876712e-03	4.788432e-06
-3.787943e+02	1.797491e-03	-9.657544e-04	4.163656e-06
-3.778878e+02	1.808335e-03	-3.939301e-05	3.271628e-06
-3.769813e+02	1.530291e-03	5.892567e-04	2.689013e-06
-3.760748e+02	1.198098e-03	1.083869e-03	2.610210e-06
-3.751683e+02	6.528042e-04	1.533004e-03	2.776255e-06
-3.742619e+02	-1.722831e-04	1.619564e-03	2.652671e-06
-3.733554e+02	-8.412160e-04	1.159671e-03	2.052481e-06
-3.724489e+02	-1.010774e-03	5.456035e-04	1.319347e-06
-3.715424e+02	-8.879792e-04	1.943383e-04	8.262744e-07
-3.706359e+02	-8.606150e-04	6.294129e-05	7.446198e-07
-3.697294e+02	-9.716826e-04	-1.706898e-04	9.733020e-07
-3.688229e+02	-9.434169e-04	-5.894427e-04	1.237478e-06
-3.679164e+02	-6.587044e-04	-1.002805e-03	1.439509e-06
-3.670100e+02	-1.647526e-04	-1.270800e-03	1.642077e-06
-3.661035e+02	4.757572e-04	-1.279998e-03	1.864739e-06
-3.651970e+02	1.097240e-03	-9.023960e-04	2.018255e-06
-3.642905e+02	1.377473e-03	-1.778832e-04	1.929075e-06
-3.633840e+02	1.113892e-03	5.098287e-04	1.500680e-06
-3.624775e+02	6.040172e-04	7.696051e-04	9.571288e-07
-3.615710e+02	2.901252e-04	7.164194e-04	5.974294e-07
-3.606645e+02	1.967860e-04	7.534788e-04	6.064551e-07
-3.597581e+02	-4.733358e-05	9.884634e-04	9.793004e-07
-3.588516e+02	-6.517628e-04	1.045294e-03	1.517434e-06
-3.579451e+02	-1.287272e-03	5.509808e-04	1.960649e-06
-3.570386e+02	-1.434883e-03	-3.590619e-04	2.187816e-06
-3.561321e+02	-8.997674e-04	-1.165968e-03	2.169063e-06
-3.552256e+02	2.934511e-05	-1.387545e-03	1.926141e-06
-3.543191e+02	7.985290e-04	-9.348581e-04	1.511608e-06
-3.534127e+02	9.859863e-04	-1.684101e-04	1.000531e-06
-3.525062e+02	6.150746e-04	3.627277e-04	5.098882e-07
-3.515997e+02	1.296484e-04	3.761703e-04	1.583128e-07
-3.506932e+02	-3.483273e-05	7.108822e-05	6.266854e-09
-3.497867e+02	1.777746e-04	-1.300221e-04	4.850954e-08
-3.488802e+02	4.815206e-04	9.509933e-06	2.319525e-07
-3.479737e+02	5.796020e-04	4.036211e-04	4.988485e-07
-3.470672e+02	3.454406e-04	8.466438e-04	8.361349e-07
-3.461608e+02	-2.241770e-04	1.090499e-03	1.239444e-06
-3.452543e+02	-9.380757e-04	8.848467e-04	1.662940e-06
-3.443478e+02	-1.405122e-03	1.805238e-04	2.006956e-06
-3.434413e+02	-1.280694e-03	-7.070406e-04	2.140084e-06
-3.425348e+02	-6.136589e-04	-1.271406e-03	1.993051e-06
-3.416283e+02	1.777766e-04	-1.284753e-03	1.682195e-06
-3.407218e+02	7.361744e-04	-8.915241e-04	1.336768e-06
-3.398153e+02	9.463676e-04	-3.527005e-04	1.020009e-06
-3.389089e+02	8.425028e-04	1.273426e-04	7.260271e-07
-3.380024e+02	5.242309e-04	3.840643e-04	4.223234e-07
-3.370959e+02	2.391190e-04	3.262426e-04	1.636121e-07
-3.361894e+02	2.519214e-04	1.839432e-04	9.729950e-08
-3.352829e+02	4.185178e-04	3.252855e-04	2.809678e-07
-3.343764e+02	2.925176e-04	7.298862e-04	6.183004e-07
-3.334699e+02	-2.790227e-04	8.991951e-04	8.864054e-07
-3.325634e+02	-8.075173e-04	4.495582e-04	8.541868e-07
-3.316570e+02	-6.993099e-04	-2.449981e-04	5.490584e-07
-3.307505e+02	-9.147380e-05	-4.645957e-04	2.242166e-07
-3.298440e+02	3.186855e-04	-3.503204e-05	1.027877e-07
-3.289375e+02	7.629316e-05	5.157248e-04	2.717928e-07
-3.280310e+02	-5.796038e-04	5.727392e-04	6.639708e-07
-3.271245e+02	-1.062712e-03	4.799902e-05	1.131660e-06
-3.262180e+02	-1.028202e-03	-7.414533e-04	1.606953e-06
-3.253116e+02	-3.965480e-04	-1.384030e-03	2.072790e-06
-3.244051e+02	6.348255e-04	-1.435783e-03	2.464476e-06
-3.234986e+02	1.494992e-03	-6.492101e-04	2.656474e-06
-3.225921e+02	1.458049e-03	6.348236e-04	2.528908e-06
-3.216856e+02	3.329776e-04	1.426019e-03	2.144403e-06
-3.207791e+02	-9.803367e-04	9.328850e-04	1.831334e-06
-3.198726e+02	-1.282261e-03	-4.339962e-04	1.832546e-06
-3.189661e+02	-3.191042e-04	-1.429078e-03	2.144091e-06
-3.180597e+02	1.002701e-03	-1.236458e-03	2.534238e-06
-3.171532e+02	1.633259e-03	-2.117455e-04	2.712370e-06
-3.162467e+02	1.431969e-03	7.744561e-04	2.650316e-06
-3.153402e+02	8.297363e-04	1.382305e-03	2.599230e-06
-3.144337e+02	5.772296e-05	1.642937e-03	2.702573e-06
-3.135272e+02	-7.972474e-04	1.479747e-03	2.825255e-06
-3.126207e+02	-1.407291e-03	7.956391e-04	2.613510e-06
-3.117142e+02	-1.340991e-03	-4.856701e-05	1.800616e-06
-3.108078e+02	-8.335216e-04	-3.782013e-04	8.377945e-07
-3.099013e+02	-6.381813e-04	-2.268163e-04	4.587209e-07
-3.089948e+02	-9.078620e-04	-3.068677e-04	9.183813e-07
-3.080883e+02	-9.745021e-04	-9.430508e-04	1.838999e-06
-3.071818e+02	-3.171445e-04	-1.518183e-03	2.405460e-06
-3.062753e+02	5.518230e-04	-1.293492e-03	1.977630e-06
-3.053688e+02	7.920408e-04	-6.219333e-04	1.014130e-06
-3.044623e+02	5.078162e-04	-3.396246e-04	3.732222e-07
-3.035559e+02	4.459108e-04	-5.752541e-04	5.297538e-07
-3.026494e+02	9.211975e-04	-7.069421e-04	1.348372e-06
-3.017429e+02	1.469938e-03	-2.944887e-04	2.247442e-06
-3.008364e+02	1.643012e-03	4.007423e-04	2.860083e-06
-2.999299e+02	1.518407e-03	1.140544e-03	3.606399e-06
-2.990234e+02	1.042735e-03	1.956241e-03	4.914177e-06
-2.981169e+02	-5.115931e-05	2.591096e-03	6.716398e-06
-2.972105e+02	-1.613570e-03	2.397115e-03	8.349767e-06
-2.963040e+02	-2.763149e-03	1.080671e-03	8.802846e-06
-2.953975e+02	-2.712257e-03	-6.301980e-04	7.753485e-06
-2.944910e+02	-1.717207e-03	-1.742546e-03	5.985267e-06
-2.935845e+02	-5.606809e-04	-1.995213e-03	4.295237e-06
-2.926780e+02	2.929280e-04	-1.734157e-03	3.093107e-06
-2.917715e+02	8.355583e-04	-1.270827e-03	2.313158e-06
-2.908650e+02	1.068925e-03	-6.809118e-04	1.606241e-06
-2.899586e+02	9.446911e-04	-2.047939e-04	9.343818e-07
-2.890521e+02	7.551518e-04	-5.875703e-05	5.737066e-07
-2.881456e+02	8.117678e-04	-1.847841e-05	6.593084e-07
-2.872391e+02	9.719097e-04	2.831416e-04	1.024778e-06
-2.863326e+02	8.122584e-04	7.764666e-04	1.262664e-06
-2.854261e+02	3.156041e-04	9.724245e-04	1.045215e-06
-2.845196e+02	-1.939755e-06	7.960473e-04	6.336951e-07
-2.836131e+02	1.665404e-05	7.445303e-04	5.546027e-07
-2.827067e+02	-1.133012e-04	1.083255e-03	1.186278e-06
-2.818002e+02	-8.476313e-04	1.358902e-03	2.565093e-06
-2.808937e+02	-1.896431e-03	8.632356e-04	4.341627e-06
-2.799872e+02	-2.401057e-03	-4.928635e-04	6.007988e-06
-2.790807e+02	-1.787328e-03	-2.034122e-03	7.332197e-06
-2.781742e+02	-1.778415e-04	-2.857823e-03	8.198780e-06
-2.772677e+02	1.664198e-03	-2.396123e-03	8.510960e-06
-2.763612e+02	2.745006e-03	-7.979714e-04	8.171815e-06
-2.754548e+02	2.443959e-03	1.067701e-03	7.112921e-06
-2.745483e+02	1.022445e-03	2.106221e-03	5.481558e-06
-2.736418e+02	-4.949180e-04	1.848283e-03	3.661093e-06
-2.727353e+02	-1.179113e-03	7.899133e-04	2.014269e-06
-2.718288e+02	-8.847835e-04	-1.290079e-04	7.994848e-07
-2.709223e+02	-2.036103e-04	-3.141168e-04	1.401265e-07
-2.700158e+02	1.415153e-04	1.242896e-04	3.547451e-08
-2.691094e+02	-1.785458e-04	6.093955e-04	4.032414e-07
-2.682029e+02	-9.098866e-04	5.317685e-04	1.110671e-06
-2.672964e+02	-1.376492e-03	-2.639045e-04	1.964375e-06
-2.663899e+02	-1.033380e-03	-1.284753e-03	2.718465e-06
-2.654834e+02	1.848368e-05	-1.765939e-03	3.118881e-06
-2.645769e+02	1.080013e-03	-1.361096e-03	3.019011e-06
-2.636704e+02	1.542547e-03	-4.313203e-04	2.565488e-06
-2.627639e+02	1.331185e-03	4.429784e-04	1.968285e-06
-2.618575e+02	7.377957e-04	9.013590e-04	1.356791e-06
-2.609510e+02	1.322362e-04	8.709385e-04	7.760202e-07
-2.600445e+02	-1.567034e-04	4.916655e-04	2.662909e-07
-2.591380e+02	6.875736e-05	1.649051e-04	3.192126e-08
-2.582315e+02	4.992921e-04	4.335999e-04	4.373014e-07
-2.573250e+02	3.501766e-04	1.257304e-03	1.703438e-06
-2.564185e+02	-7.817199e-04	1.770611e-03	3.746150e-06
-2.555120e+02	-2.245100e-03	1.046678e-03	6.136007e-06
-2.546056e+02	-2.735520e-03	-8.319146e-04	8.175154e-06
-2.536991e+02	-1.568229e-03	-2.618360e-03	9.315153e-06
-2.527926e+02	6.026723e-04	-3.012286e-03	9.437082e-06
-2.518861e+02	2.361951e-03	-1.744656e-03	8.622637e-06
-2.509796e+02	2.647456e-03	2.682488e-04	7.080980e-06
-2.500731e+02	1.508656e-03	1.681436e-03	5.103269e-06
-2.491666e+02	-2.076315e-05	1.743730e-03	3.041027e-06
-2.482601e+02	-7.930153e-04	8.370136e-04	1.329465e-06
-2.473537e+02	-5.386693e-04	3.880153e-05	2.916702e-07
-2.464472e+02	2.390754e-05	3.488774e-05	1.788725e-09
-2.455407e+02	5.656325e-05	5.316247e-04	2.858242e-07
-2.446342e+02	-5.135106e-04	7.238937e-04	7.877152e-07
-2.437277e+02	-1.030112e-03	2.631571e-04	1.130383e-06
-2.428212e+02	-1.000543e-03	-4.450079e-04	1.199119e-06
-2.419147e+02	-5.304787e-04	-8.947633e-04	1.082009e-06
-2.410083e+02	1.608122e-05	-9.619466e-04	9.255998e-07
-2.401018e+02	4.562211e-04	-8.005576e-04	8.490301e-07
-2.391953e+02	8.135864e-04	-4.850873e-04	8.972326e-07
-2.382888e+02	1.008398e-03	5.182355e-05	1.019552e-06
-2.373823e+02	7.928026e-04	6.837246e-04	1.096015e-06
-2.364758e+02	1.495681e-04	9.968615e-04	1.016103e-06
-2.355693e+02	-4.793246e-04	7.062964e-04	7.286067e-07
-2.346628e+02	-5.401235e-04	1.049175e-04	3.027411e-07
-2.337564e+02	-3.828669e-05	-6.912482e-05	6.244111e-09
-2.328499e+02	2.160264e-04	5.243115e-04	3.215700e-07
-2.319434e+02	-4.997143e-04	1.157934e-03	1.590525e-06
-2.310369e+02	-1.776213e-03	7.573302e-04	3.728482e-06
-2.301304e+02	-2.350638e-03	-8.246106e-04	6.205483e-06
-2.292239e+02	-1.418008e-03	-2.487903e-03	8.200408e-06
-2.283174e+02	4.713763e-04	-2.959987e-03	8.983719e-06
-2.274109e+02	2.103313e-03	-2.073128e-03	8.721787e-06
-2.265045e+02	2.788552e-03	-4.901691e-04	8.016289e-06
-2.255980e+02	2.455585e-03	1.098946e-03	7.237581e-06
-2.246915e+02	1.282122e-03	2.175156e-03	6.375141e-06
-2.237850e+02	-3.296852e-04	2.245608e-03	5.151448e-06
-2.228785e+02	-1.489596e-03	1.106949e-03	3.444233e-06
-2.219720e+02	-1.264333e-03	-4.114499e-04	1.767830e-06
-2.210655e+02	5.878303e-05	-9.025138e-04	8.179865e-07
-2.201591e+02	1.002887e-03	1.010120e-04	1.015986e-06
-2.192526e+02	3.860736e-04	1.464228e-03	2.293018e-06
-2.183461e+02	-1.321523e-03	1.523881e-03	4.068636e-06
-2.174396e+02	-2.362481e-03	-9.639422e-05	5.590606e-06
-2.165331e+02	-1.544469e-03	-2.023716e-03	6.480811e-06
-2.156266e+02	5.910251e-04	-2.508935e-03	6.644067e-06
-2.147201e+02	2.258941e-03	-1.043430e-03	6.191563e-06
-2.138136e+02	2.016775e-03	1.150962e-03	5.392093e-06
-2.129072e+02	6.967099e-05	2.151253e-03	4.632742e-06
-2.120007e+02	-1.824614e-03	1.043553e-03	4.418218e-06
-2.110942e+02	-1.923712e-03	-1.198067e-03	5.136032e-06
-2.101877e+02	-5.724332e-05	-2.618548e-03	6.860072e-06
-2.092812e+02	2.334929e-03	-1.987177e-03	9.400765e-06
-2.083747e+02	3.518609e-03	3.181664e-04	1.248184e-05
-2.074682e+02	2.760845e-03	2.895586e-03	1.600668e-05
-2.065617e+02	3.765271e-04	4.458429e-03	2.001937e-05
-2.056553e+02	-2.714512e-03	4.126050e-03	2.439286e-05
-2.047488e+02	-5.077507e-03	1.670022e-03	2.857005e-05
-2.038423e+02	-5.243062e-03	-2.000491e-03	3.149166e-05
-2.029358e+02	-2.767171e-03	-4.912385e-03	3.178877e-05
-2.020293e+02	9.919232e-04	-5.244580e-03	2.848953e-05
-2.011228e+02	3.644382e-03	-2.975111e-03	2.213281e-05
-2.002163e+02	3.751915e-03	1.178717e-05	1.407701e-05
-1.993098e+02	1.989158e-03	1.506164e-03	6.225279e-06
-1.984034e+02	5.357677e-04	8.529269e-04	1.014531e-06
-1.974969e+02	1.138471e-03	-4.026208e-04	1.458220e-06
-1.965904e+02	3.259648e-03	2.712697e-04	1.069889e-05
-1.956839e+02	3.965158e-03	3.697277e-03	2.939234e-05
-1.947774e+02	8.353138e-04	7.312496e-03	5.417034e-05
-1.938709e+02	-4.984980e-03	7.304381e-03	7.820401e-05
-1.929644e+02	-9.297570e-03	2.577416e-03	9.308789e-05
-1.920580e+02	-8.848344e-03	-3.732667e-03	9.222600e-05
-1.911515e+02	-4.659500e-03	-7.488757e-03	7.779243e-05
-1.902450e+02	-1.784316e-04	-7.659615e-03	5.870154e-05
-1.893385e+02	2.521348e-03	-6.102120e-03	4.359306e-05
-1.884320e+02	3.945181e-03	-4.787668e-03	3.848622e-05
-1.875255e+02	5.597275e-03	-3.839832e-03	4.607380e-05
-1.866190e+02	7.938774e-03	-1.949297e-03	6.682390e-05
-1.857125e+02	9.849352e-03	2.171390e-03	1.017247e-04
-1.848061e+02	8.933899e-03	8.342880e-03	1.494182e-04
-1.838996e+02	3.356157e-03	1.389782e-02	2.044132e-04
-1.829931e+02	-5.819971e-03	1.496549e-02	2.578380e-04
-1.820866e+02	-1.441996e-02	9.573607e-03	2.995893e-04
-1.811801e+02	-1.800969e-02	-3.213448e-04	3.244520e-04
-1.802736e+02	-1.512409e-02	-1.052081e-02	3.394255e-04
-1.793671e+02	-7.021002e-03	-1.742150e-02	3.528033e-04
-1.784606e+02	3.720146e-03	-1.884582e-02	3.690045e-04
-1.775542e+02	1.382211e-02	-1.399719e-02	3.869720e-04
-1.766477e+02	1.962085e-02	-3.920662e-03	4.003494e-04
-1.757412e+02	1.845215e-02	7.898490e-03	4.028681e-04
-1.748347e+02	1.061836e-02	1.676514e-02	3.938196e-04
-1.739282e+02	-5.821930e-04	1.933970e-02	3.743629e-04
-1.730217e+02	-1.066675e-02	1.527365e-02	3.470639e-04
-1.721152e+02	-1.633238e-02	7.036239e-03	3.162553e-04
-1.712087e+02	-1.690011e-02	-1.883466e-03	2.891612e-04
-1.703023e+02	-1.388721e-02	-9.361726e-03	2.804967e-04
-1.693958e+02	-8.373804e-03	-1.530120e-02	3.042472e-04
-1.684893e+02	2.231437e-04	-1.907727e-02	3.639919e-04
-1.675828e+02	1.164034e-02	-1.776811e-02	4.512031e-04
-1.666763e+02	2.179173e-02	-8.438955e-03	5.460956e-04
-1.657698e+02	2.389006e-02	7.193403e-03	6.224798e-04
-1.648633e+02	1.441770e-02	2.135622e-02	6.639583e-04
-1.639569e+02	-2.540662e-03	2.568012e-02	6.659235e-04
-1.630504e+02	-1.780878e-02	1.772860e-02	6.314558e-04
-1.621439e+02	-2.372806e-02	2.585472e-03	5.697053e-04
-1.612374e+02	-1.908484e-02	-1.141184e-02	4.944612e-04
-1.603309e+02	-8.470750e-03	-1.872049e-02	4.222104e-04
-1.594244e+02	2.571379e-03	-1.902160e-02	3.684333e-04
-1.585179e+02	1.127886e-02	-1.480339e-02	3.463530e-04
-1.576114e+02	1.746570e-02	-7.818326e-03	3.661767e-04
-1.567050e+02	2.075118e-02	1.967339e-03	4.344820e-04
-1.557985e+02	1.875804e-02	1.421412e-02	5.539053e-04
-1.548920e+02	8.597571e-03	2.544693e-02	7.214645e-04
-1.539855e+02	-9.199429e-03	2.898741e-02	9.248994e-04
-1.530790e+02	-2.783346e-02	1.919746e-02	1.143244e-03
-1.521725e+02	-3.663342e-02	-2.672719e-03	1.349151e-03
-1.512660e+02	-2.824195e-02	-2.673545e-02	1.512392e-03
-1.503595e+02	-5.068688e-03	-3.975325e-02	1.606013e-03
-1.494531e+02	2.122355e-02	-3.433848e-02	1.629570e-03
-1.485466e+02	3.767831e-02	-1.359789e-02	1.604558e-03
-1.476401e+02	3.753624e-02	1.213892e-02	1.556322e-03
-1.467336e+02	2.227302e-02	3.183251e-02	1.509396e-03
-1.458271e+02	-1.091036e-03	3.850859e-02	1.484102e-03
-1.449206e+02	-2.380871e-02	3.042957e-02	1.492813e-03
-1.440141e+02	-3.774694e-02	1.046811e-02	1.534413e-03
-1.431076e+02	-3.735187e-02	-1.442529e-02	1.603251e-03
-1.422012e+02	-2.185521e-02	-3.486661e-02	1.693330e-03
-1.412947e+02	3.597522e-03	-4.226553e-02	1.799317e-03
-1.403882e+02	2.922171e-02	-3.261643e-02	1.917740e-03
-1.394817e+02	4.441454e-02	-8.755977e-03	2.049318e-03
-1.385752e+02	4.214322e-02	2.052244e-02	2.197222e-03
-1.376687e+02	2.179282e-02	4.340629e-02	2.359033e-03
-1.367622e+02	-9.633347e-03	4.932405e-02	2.525663e-03
-1.358558e+02	-3.914963e-02	3.390217e-02	2.682050e-03
-1.349493e+02	-5.294778e-02	2.348745e-03	2.808984e-03
-1.340428e+02	-4.354354e-02	-3.163454e-02	2.896784e-03
-1.331363e+02	-1.439969e-02	-5.238551e-02	2.951593e-03
-1.322298e+02	2.160467e-02	-5.014317e-02	2.981100e-03
-1.313233e+02	4.830841e-02	-2.565586e-02	2.991926e-03
-1.304168e+02	5.369700e-02	1.024861e-02	2.988402e-03
-1.295103e+02	3.528841e-02	4.155460e-02	2.972056e-03
-1.286039e+02	1.488676e-03	5.426604e-02	2.947019e-03
-1.276974e+02	-3.243983e-02	4.330995e-02	2.928094e-03
-1.267909e+02	-5.230492e-02	1.434055e-02	2.941456e-03
-1.258844e+02	-5.105194e-02	-2.046283e-02	3.025028e-03
-1.249779e+02	-2.973238e-02	-4.843157e-02	3.229631e-03
-1.240714e+02	5.114725e-03	-5.991037e-02	3.615413e-03
-1.231649e+02	4.334154e-02	-4.835765e-02	4.216951e-03
-1.222584e+02	6.984775e-02	-1.234687e-02	5.031153e-03
-1.213520e+02	6.758861e-02	3.807484e-02	6.017914e-03
-1.204455e+02	2.869884e-02	7.922884e-02	7.100832e-03
-1.195390e+02	-3.376659e-02	8.385846e-02	8.172424e-03
-1.186325e+02	-8.647063e-02	4.080912e-02	9.142554e-03
-1.177260e+02	-9.507798e-02	-3.130536e-02	1.001985e-02
-1.168195e+02	-4.856991e-02	-9.215480e-02	1.085154e-02
-1.159130e+02	3.082835e-02	-1.037048e-01	1.170506e-02
-1.150065e+02	9.858382e-02	-5.427311e-02	1.266434e-02
-1.141001e+02	1.130555e-01	3.232749e-02	1.382660e-02
-1.131936e+02	6.005197e-02	1.077091e-01	1.520749e-02
-1.122871e+02	-3.519931e-02	1.243435e-01	1.670030e-02
-1.113806e+02	-1.175976e-01	6.587282e-02	1.816843e-02
-1.104741e+02	-1.343161e-01	-3.757099e-02	1.945239e-02
-1.095676e+02	-7.048573e-02	-1.241306e-01	2.037664e-02
-1.086611e+02	3.743450e-02	-1.392072e-01	2.077998e-02
-1.077547e+02	1.240472e-01	-7.290643e-02	2.070305e-02
-1.068482e+02	1.383239e-01	3.438700e-02	2.031597e-02
-1.059417e+02	7.391175e-02	1.197100e-01	1.979344e-02
-1.050352e+02	-3.042867e-02	1.355632e-01	1.930330e-02
-1.041287e+02	-1.156889e-01	7.496637e-02	1.900389e-02
-1.032222e+02	-1.350642e-01	-2.765743e-02	1.900728e-02
-1.023157e+02	-7.734900e-02	-1.151375e-01	1.923950e-02
-1.014092e+02	2.555453e-02	-1.375650e-01	1.957717e-02
-1.005028e+02	1.151044e-01	-8.154562e-02	1.989871e-02
-9.959627e+01	1.401900e-01	2.081570e-02	2.008653e-02
-9.868978e+01	8.783241e-02	1.110025e-01	2.003610e-02
-9.778329e+01	-1.023798e-02	1.401090e-01	1.973536e-02
-9.687681e+01	-1.002008e-01	9.640207e-02	1.933356e-02
-9.597032e+01	-1.376828e-01	5.898415e-03	1.899134e-02
-9.506383e+01	-1.071948e-01	-8.578074e-02	1.884905e-02
-9.415735e+01	-2.467093e-02	-1.356881e-01	1.901992e-02
-9.325086e+01	7.184336e-02	-1.200994e-01	1.958534e-02
-9.234437e+01	1.365144e-01	-4.341883e-02	2.052138e-02
-9.143788e+01	1.346238e-01	5.996318e-02	2.171916e-02
-9.053140e+01	6.249256e-02	1.384759e-01	2.308089e-02
-8.962491e+01	-4.660490e-02	1.495105e-01	2.452542e-02
-8.871842e+01	-1.377038e-01	8.385923e-02	2.599470e-02
-8.781194e+01	-1.634230e-01	-2.769929e-02	2.747432e-02
-8.690545e+01	-1.088171e-01	-1.311942e-01	2.905308e-02
-8.599896e+01	3.210295e-03	-1.755338e-01	3.082242e-02
-8.509248e+01	1.212743e-01	-1.345245e-01	3.280429e-02
-8.418599e+01	1.857366e-01	-2.114636e-02	3.494524e-02
-8.327950e+01	1.565934e-01	1.122561e-01	3.712292e-02
-8.237301e+01	3.945205e-02	1.939761e-01	3.918321e-02
-8.146653e+01	-1.070850e-01	1.719998e-01	4.105113e-02
-8.056004e+01	-2.001993e-01	5.140789e-02	4.272251e-02
-7.965355e+01	-1.832952e-01	-1.031396e-01	4.423490e-02
-7.874707e+01	-6.242166e-02	-2.043595e-01	4.565926e-02
-7.784058e+01	9.638624e-02	-1.944497e-01	4.710098e-02
-7.693409e+01	2.063337e-01	-7.769333e-02	4.860985e-02
-7.602760e+01	2.071983e-01	8.436615e-02	5.004878e-02
-7.512112e+01	9.610362e-02	2.048971e-01	5.121874e-02
-7.421463e+01	-6.898111e-02	2.170689e-01	5.187730e-02
-7.330814e+01	-1.980236e-01	1.119623e-01	5.174892e-02
-7.240166e+01	-2.185534e-01	-5.287108e-02	5.056094e-02
-7.149517e+01	-1.202670e-01	-1.841370e-01	4.837058e-02
-7.058868e+01	3.767514e-02	-2.101121e-01	4.556651e-02
-6.968220e+01	1.657240e-01	-1.228090e-01	4.254649e-02
-6.877571e+01	1.978530e-01	2.311195e-02	3.967996e-02
-6.786922e+01	1.248466e-01	1.473506e-01	3.729888e-02
-6.696273e+01	-8.702730e-03	1.886486e-01	3.566401e-02
-6.605625e+01	-1.328250e-01	1.305994e-01	3.469869e-02
-6.514976e+01	-1.847881e-01	5.315449e-03	3.417491e-02
-6.424327e+01	-1.382121e-01	-1.215166e-01	3.386888e-02
-6.333679e+01	-1.773736e-02	-1.823231e-01	3.355634e-02
-6.243030e+01	1.112194e-01	-1.436787e-01	3.301332e-02
-6.152381e+01	1.769987e-01	-2.737126e-02	3.207772e-02
-6.061732e+01	1.442005e-01	1.000583e-01	3.080543e-02
-5.971084e+01	3.476615e-02	1.676363e-01	2.931060e-02
-5.880435e+01	-8.745471e-02	1.416445e-01	2.771149e-02
-5.789786e+01	-1.560423e-01	4.215657e-02	2.612639e-02
-5.699138e+01	-1.390028e-01	-7.314560e-02	2.467205e-02
-5.608489e+01	-5.169236e-02	-1.441215e-01	2.344311e-02
-5.517840e+01	5.737079e-02	-1.385600e-01	2.249027e-02
-5.427191e+01	1.334462e-01	-6.357239e-02	2.184933e-02
-5.336543e+01	1.407352e-01	4.169166e-02	2.154459e-02
-5.245894e+01	7.664832e-02	1.253583e-01	2.158967e-02
-5.155245e+01	-2.787816e-02	1.456424e-01	2.198890e-02
-5.064597e+01	-1.210836e-01	8.985086e-02	2.273442e-02
-4.973948e+01	-1.533820e-01	-1.703733e-02	2.381630e-02
-4.883299e+01	-1.029778e-01	-1.209460e-01	2.523236e-02
-4.792651e+01	9.059159e-03	-1.640307e-01	2.698815e-02
-4.702002e+01	1.248311e-01	-1.162490e-01	2.909664e-02
-4.611353e+01	1.776691e-01	3.694717e-03	3.157996e-02
-4.520704e+01	1.300021e-01	1.325999e-01	3.448325e-02
-4.430056e+01	-3.658759e-04	1.946017e-01	3.786996e-02
-4.339407e+01	-1.439958e-01	1.451946e-01	4.181626e-02
-4.248758e+01	-2.154249e-01	1.932968e-03	4.641163e-02
-4.158110e+01	-1.629933e-01	-1.587235e-01	5.175996e-02
-4.067461e+01	-4.189078e-03	-2.406223e-01	5.791665e-02
-3.976812e+01	1.760389e-01	-1.836325e-01	6.471060e-02
-3.886163e+01	2.680047e-01	-6.454752e-03	7.186818e-02
-3.795515e+01	2.039315e-01	1.935518e-01	7.905038e-02
-3.704866e+01	7.918685e-03	2.929067e-01	8.585706e-02
-3.614217e+01	-2.084943e-01	2.199348e-01	9.184120e-02
-3.523569e+01	-3.109095e-01	7.915735e-03	9.672737e-02
-3.432920e+01	-2.296529e-01	-2.187237e-01	1.005805e-01
-3.342271e+01	-7.882330e-03	-3.216649e-01	1.035304e-01
-3.251622e+01	2.236705e-01	-2.360217e-01	1.057348e-01
-3.160974e+01	3.275081e-01	-1.063714e-02	1.073747e-01
-3.070325e+01	2.427098e-01	2.230027e-01	1.086382e-01
-2.979676e+01	1.875359e-02	3.303257e-01	1.094668e-01
-2.889028e+01	-2.157117e-01	2.511276e-01	1.095966e-01
-2.798379e+01	-3.281824e-01	3.274757e-02	1.087761e-01
-2.707730e+01	-2.587345e-01	-1.996020e-01	1.067845e-01
-2.617082e+01	-5.218423e-02	-3.173720e-01	1.034481e-01
-2.526433e+01	1.723850e-01	-2.626300e-01	9.869110e-02
-2.435784e+01	2.946747e-01	-7.669021e-02	9.271455e-02
-2.345135e+01	2.612271e-01	1.327824e-01	8.587076e-02
-2.254487e+01	1.062223e-01	2.594157e-01	7.857968e-02
-2.163838e+01	-8.077019e-02	2.545664e-01	7.132788e-02
-2.073189e+01	-2.117334e-01	1.408425e-01	6.466763e-02
-1.982541e+01	-2.428601e-01	-1.634033e-02	5.924806e-02
-1.891892e+01	-1.812707e-01	-1.518056e-01	5.590400e-02
-1.801243e+01	-6.167767e-02	-2.276299e-01	5.561949e-02
-1.710594e+01	7.994663e-02	-2.305133e-01	5.952784e-02
-1.619946e+01	2.115561e-01	-1.554811e-01	6.893034e-02
-1.529297e+01	2.920648e-01	-3.488936e-03	8.531403e-02
-1.438648e+01	2.666581e-01	1.973878e-01	1.100685e-01
-1.348000e+01	9.568777e-02	3.671607e-01	1.439631e-01
-1.257351e+01	-1.881765e-01	3.895852e-01	1.871870e-01
-1.166702e+01	-4.516478e-01	1.879805e-01	2.393224e-01
-1.076053e+01	-5.141055e-01	-1.871579e-01	2.993325e-01
-9.854048e+00	-2.708815e-01	-5.405904e-01	3.656148e-01
-8.947561e+00	1.972332e-01	-6.305555e-01	4.365012e-01
-8.041074e+00	6.297191e-01	-3.374683e-01	5.104310e-01
-7.134587e+00	7.333776e-01	2.189002e-01	5.857599e-01
-6.228099e+00	3.850914e-01	7.158831e-01	6.607840e-01
-5.321612e+00	-2.515962e-01	8.188243e-01	7.337739e-01
-4.415125e+00	-7.959258e-01	4.116088e-01	8.029198e-01
-3.508638e+00	-8.830816e-01	-2.932738e-01	8.658426e-01
-2.602151e+00	-4.180650e-01	-8.631636e-01	9.198297e-01
-1.695664e+00	3.347021e-01	-9.219720e-01	9.620579e-01
-7.891770e-01	9.067395e-01	-4.092804e-01	9.896869e-01
1.173101e-01	9.312151e-01	3.644700e-01	1.000000e+00
1.023797e+00	3.902116e-01	9.161478e-01	9.915920e-01
1.930284e+00	-3.743793e-01	9.089042e-01	9.662667e-01
2.836771e+00	-8.910683e-01	3.642704e-01	9.266957e-01
3.743258e+00	-8.609363e-01	-3.668363e-01	8.757801e-01
4.649745e+00	-3.335560e-01	-8.397813e-01	8.164922e-01
5.556233e+00	3.464261e-01	-7.948007e-01	7.517191e-01
6.462720e+00	7.702381e-01	-3.000389e-01	6.832902e-01
7.369207e+00	7.155697e-01	3.159042e-01	6.118354e-01
8.275694e+00	2.648227e-01	6.840640e-01	5.380747e-01
9.182181e+00	-2.738661e-01	6.228392e-01	4.629313e-01
1.008867e+01	-5.790920e-01	2.284944e-01	3.875573e-01
1.099516e+01	-5.155077e-01	-2.183743e-01	3.134355e-01
1.190164e+01	-1.918039e-01	-4.542456e-01	2.431278e-01
1.280813e+01	1.501798e-01	-3.960946e-01	1.794449e-01
1.371462e+01	3.162748e-01	-1.566558e-01	1.245708e-01
1.462110e+01	2.728778e-01	7.431521e-02	7.998506e-02
1.552759e+01	1.254331e-01	1.752135e-01	4.643323e-02
1.643408e+01	3.897551e-03	1.545783e-01	2.390963e-02
1.734056e+01	-4.002628e-02	1.007209e-01	1.174680e-02
1.824705e+01	-4.798587e-02	8.197170e-02	9.022003e-03
1.915354e+01	-8.605433e-02	8.530820e-02	1.468284e-02
2.006003e+01	-1.606287e-01	4.228994e-02	2.759003e-02
2.096651e+01	-1.982439e-01	-8.524019e-02	4.656653e-02
2.187300e+01	-1.119655e-01	-2.404641e-01	7.035926e-02
2.277949e+01	9.979633e-02	-2.958421e-01	9.748185e-02
2.368597e+01	3.173262e-01	-1.601186e-01	1.263339e-01
2.459246e+01	3.739432e-01	1.240809e-01	1.552296e-01
2.549895e+01	1.885417e-01	3.832380e-01	1.824194e-01
2.640544e+01	-1.510605e-01	4.281704e-01	2.061492e-01
2.731192e+01	-4.307640e-01	1.993361e-01	2.252925e-01
2.821841e+01	-4.571402e-01	-1.751442e-01	2.396526e-01
2.912490e+01	-1.968469e-01	-4.589039e-01	2.493415e-01
3.003138e+01	1.938611e-01	-4.659243e-01	2.546676e-01
3.093787e+01	4.703377e-01	-1.866986e-01	2.560739e-01
3.184436e+01	4.603785e-01	2.051463e-01	2.540334e-01
3.275084e+01	1.739629e-01	4.671228e-01	2.484668e-01
3.365733e+01	-2.066616e-01	4.430521e-01	2.390042e-01
3.456382e+01	-4.469773e-01	1.600390e-01	2.254012e-01
3.547031e+01	-4.114749e-01	-1.956493e-01	2.075902e-01
3.637679e+01	-1.448633e-01	-4.058875e-01	1.857300e-01
3.728328e+01	1.694892e-01	-3.629629e-01	1.604687e-01
3.818977e+01	3.421844e-01	-1.285526e-01	1.336159e-01
3.909625e+01	3.002414e-01	1.301939e-01	1.070954e-01
4.000274e+01	1.120137e-01	2.644635e-01	8.248802e-02
4.090923e+01	-8.478270e-02	2.318719e-01	6.095268e-02
4.181572e+01	-1.841219e-01	9.636277e-02	4.318666e-02
4.272220e+01	-1.664128e-01	-4.019882e-02	2.930916e-02
4.362869e+01	-8.289358e-02	-1.098663e-01	1.894195e-02
4.453518e+01	-1.562992e-03	-1.081037e-01	1.168886e-02
4.544166e+01	4.240896e-02	-7.344715e-02	7.193004e-03
4.634815e+01	5.786273e-02	-4.231967e-02	5.139051e-03
4.725464e+01	6.995302e-02	-1.900259e-02	5.254523e-03
4.816113e+01	8.339909e-02	1.649464e-02	7.227482e-03
4.906761e+01	7.328111e-02	7.231106e-02	1.059901e-02
4.997410e+01	1.546656e-02	1.206571e-01	1.479736e-02
5.088059e+01	-7.624640e-02	1.155612e-01	1.916790e-02
5.178707e+01	-1.469688e-01	3.763840e-02	2.301649e-02
5.269356e+01	-1.406389e-01	-7.702796e-02	2.571262e-02
5.360005e+01	-5.024972e-02	-1.569602e-01	2.716153e-02
5.450653e+01	7.297332e-02	-1.495033e-01	2.767635e-02
5.541302e+01	1.561922e-01	-5.724407e-02	2.767290e-02
5.631951e+01	1.521082e-01	6.682302e-02	2.760221e-02
5.722600e+01	6.396777e-02	1.543764e-01	2.792396e-02
5.813248e+01	-6.156014e-02	1.587074e-01	2.897768e-02
5.903897e+01	-1.582400e-01	7.406864e-02	3.052606e-02
5.994546e+01	-1.698260e-01	-5.747495e-02	3.214423e-02
6.085194e+01	-8.417128e-02	-1.620980e-01	3.336055e-02
6.175843e+01	5.207221e-02	-1.759596e-01	3.367330e-02
6.266492e+01	1.570519e-01	-8.908846e-02	3.260207e-02
6.357141e+01	1.677343e-01	4.305143e-02	2.998823e-02
6.447789e+01	8.472226e-02	1.380313e-01	2.623051e-02
6.538438e+01	-3.270820e-02	1.440064e-01	2.180768e-02
6.629087e+01	-1.107766e-01	7.003312e-02	1.717610e-02
6.719735e+01	-1.096764e-01	-2.672052e-02	1.274289e-02
6.810384e+01	-4.453636e-02	-8.287848e-02	8.852330e-03
6.901033e+01	2.952684e-02	-6.940364e-02	5.688699e-03
6.991682e+01	5.651620e-02	-1.075210e-02	3.309688e-03
7.082330e+01	2.453481e-02	3.395547e-02	1.754931e-03
7.172979e+01	-2.290554e-02	2.327786e-02	1.066522e-03
7.263628e+01	-2.680715e-02	-2.529536e-02	1.358478e-03
7.354276e+01	2.620435e-02	-4.742846e-02	2.936127e-03
7.444925e+01	7.893275e-02	1.926502e-03	6.234091e-03
7.535574e+01	5.812269e-02	8.930432e-02	1.135351e-02
7.626222e+01	-4.340259e-02	1.263562e-01	1.784966e-02
7.716871e+01	-1.468246e-01	5.627097e-02	2.472388e-02
7.807520e+01	-1.543585e-01	-8.197657e-02	3.054670e-02
7.898169e+01	-4.360449e-02	-1.790689e-01	3.396703e-02
7.988817e+01	1.059704e-01	-1.536908e-01	3.485060e-02
8.079466e+01	1.823166e-01	-2.179952e-02	3.371455e-02
8.170115e+01	1.306392e-01	1.193634e-01	3.131422e-02
8.260763e+01	-7.535520e-03	1.685787e-01	2.847557e-02
8.351412e+01	-1.299789e-01	9.529789e-02	2.597621e-02
8.442061e+01	-1.497892e-01	-4.236324e-02	2.423145e-02
8.532710e+01	-5.654065e-02	-1.409011e-01	2.304995e-02
8.623358e+01	7.490157e-02	-1.281743e-01	2.203891e-02
8.714007e+01	1.424895e-01	-1.998340e-02	2.070261e-02
8.804656e+01	9.915766e-02	9.333409e-02	1.854350e-02
8.895304e+01	-9.312277e-03	1.230859e-01	1.523685e-02
8.985953e+01	-8.765103e-02	5.919355e-02	1.118658e-02
9.076602e+01	-8.045292e-02	-2.852723e-02	7.286475e-03
9.167251e+01	-1.438265e-02	-6.353623e-02	4.243713e-03
9.257899e+01	3.904233e-02	-2.992363e-02	2.419727e-03
9.348548e+01	3.443966e-02	2.441360e-02	1.782114e-03
9.439197e+01	-1.150409e-02	4.268656e-02	1.954486e-03
9.529845e+01	-4.823028e-02	1.158156e-02	2.460293e-03
9.620494e+01	-4.039379e-02	-3.710664e-02	3.008561e-03
9.711143e+01	6.438224e-03	-5.868624e-02	3.485525e-03
9.801791e+01	5.371413e-02	-3.190350e-02	3.903041e-03
9.892440e+01	6.101955e-02	2.534472e-02	4.365740e-03
9.983089e+01	1.702073e-02	6.871980e-02	5.012116e-03
1.007374e+02	-4.814238e-02	5.935192e-02	5.840340e-03
1.016439e+02	-8.200798e-02	-1.303594e-03	6.727007e-03
1.025504e+02	-5.364664e-02	-6.766868e-02	7.457012e-03
1.034568e+02	1.715379e-02	-8.640396e-02	7.759897e-03
1.043633e+02	7.440313e-02	-4.290629e-02	7.376776e-03
1.052698e+02	7.520483e-02	2.500381e-02	6.280957e-03
1.061763e+02	2.703410e-02	6.365162e-02	4.782371e-03
1.070828e+02	-2.555677e-02	5.077734e-02	3.231487e-03
1.079893e+02	-4.302558e-02	8.213159e-03	1.918656e-03
1.088958e+02	-2.155390e-02	-2.369031e-02	1.025801e-03
1.098022e+02	1.102182e-02	-2.202576e-02	6.066148e-04
1.107087e+02	2.369536e-02	4.599768e-03	5.826282e-04
1.116152e+02	6.148800e-03	2.815831e-02	8.306980e-04
1.125217e+02	-2.509810e-02	2.463094e-02	1.236598e-03
1.134282e+02	-4.071391e-02	-6.229296e-03	1.696427e-03
1.143347e+02	-2.309140e-02	-3.983920e-02	2.120374e-03
1.152412e+02	1.741723e-02	-4.626103e-02	2.443443e-03
1.161477e+02	4.878246e-02	-1.642687e-02	2.649571e-03
1.170541e+02	4.430784e-02	2.801769e-02	2.748176e-03
1.179606e+02	6.006165e-03	5.214301e-02	2.754967e-03
1.188671e+02	-3.648687e-02	3.680254e-02	2.685719e-03
1.197736e+02	-5.022088e-02	-5.495533e-03	2.552338e-03
1.206801e+02	-2.583742e-02	-4.121137e-02	2.365949e-03
1.215866e+02	1.579759e-02	-4.358558e-02	2.149267e-03
1.224931e+02	4.183587e-02	-1.326390e-02	1.926171e-03
1.233996e+02	3.375394e-02	2.401683e-02	1.716137e-03
1.243060e+02	7.161551e-04	3.913490e-02	1.532053e-03
1.252125e+02	-2.958116e-02	2.245170e-02	1.379124e-03
1.261190e+02	-3.395700e-02	-1.026167e-02	1.258380e-03
1.270255e+02	-1.122303e-02	-3.234495e-02	1.172152e-03
1.279320e+02	1.906288e-02	-2.752699e-02	1.121129e-03
1.288385e+02	3.319451e-02	-1.170763e-03	1.103246e-03
1.297450e+02	2.130954e-02	2.567980e-02	1.113549e-03
1.306514e+02	-6.680447e-03	3.315953e-02	1.144182e-03
1.315579e+02	-3.013537e-02	1.647155e-02	1.179453e-03
1.324644e+02	-3.245750e-02	-1.223421e-02	1.203165e-03
1.333709e+02	-1.195066e-02	-3.259990e-02	1.205572e-03
1.342774e+02	1.696624e-02	-2.992771e-02	1.183521e-03
1.351839e+02	3.330847e-02	-5.685178e-03	1.141776e-03
1.360904e+02	2.430517e-02	2.244825e-02	1.094665e-03
1.369969e+02	-3.776829e-03	3.231491e-02	1.058518e-03
1.379033e+02	-2.842857e-02	1.532046e-02	1.042900e-03
1.388098e+02	-2.878170e-02	-1.484704e-02	1.048821e-03
1.397163e+02	-3.903232e-03	-3.246394e-02	1.069143e-03
1.406228e+02	2.499819e-02	-2.159795e-02	1.091381e-03
1.415293e+02	3.209705e-02	8.918647e-03	1.109763e-03
1.424358e+02	1.033027e-02	3.213423e-02	1.139323e-03
1.433423e+02	-2.166716e-02	2.691210e-02	1.193727e-03
1.442488e+02	-3.560933e-02	-3.186208e-03	1.278176e-03
1.451552e+02	-1.824462e-02	-3.247972e-02	1.387798e-03
1.460617e+02	1.664164e-02	-3.508402e-02	1.507833e-03
1.469682e+02	3.954189e-02	-7.506245e-03	1.619905e-03
1.478747e+02	3.049868e-02	2.787469e-02	1.707168e-03
1.487812e+02	-3.695677e-03	4.168163e-02	1.751016e-03
1.496877e+02	-3.506714e-02	2.243670e-02	1.733110e-03
1.505942e+02	-3.811866e-02	-1.363468e-02	1.638937e-03
1.515007e+02	-1.158049e-02	-3.647465e-02	1.464508e-03
1.524071e+02	2.079441e-02	-2.847556e-02	1.243265e-03
1.533136e+02	3.205306e-02	8.732126e-04	1.028161e-03
1.542201e+02	1.514274e-02	2.514227e-02	8.614360e-04
1.551266e+02	-1.289871e-02	2.450678e-02	7.669591e-04
1.560331e+02	-2.728043e-02	1.690512e-03	7.470797e-04
1.569396e+02	-1.673591e-02	-2.242090e-02	7.827877e-04
1.578461e+02	8.843955e-03	-2.760260e-02	8.401192e-04
1.587525e+02	2.808692e-02	-9.972198e-03	8.883195e-04
1.596590e+02	2.550354e-02	1.594258e-02	9.045963e-04
1.605655e+02	3.530865e-03	2.937132e-02	8.751415e-04
1.614720e+02	-1.982456e-02	2.008530e-02	7.964325e-04
1.623785e+02	-2.588397e-02	-3.299974e-03	6.808700e-04
1.632850e+02	-1.122399e-02	-2.076420e-02	5.571300e-04
1.641915e+02	9.946438e-03	-1.871908e-02	4.493355e-04
1.650980e+02	1.921335e-02	-1.260731e-03	3.707422e-04
1.660044e+02	1.018733e-02	1.478298e-02	3.223182e-04
1.669109e+02	-6.980273e-03	1.566182e-02	2.940168e-04
1.678174e+02	-1.635912e-02	2.487116e-03	2.738066e-04
1.687239e+02	-1.079191e-02	-1.189727e-02	2.580103e-04
1.696304e+02	3.692217e-03	-1.529327e-02	2.475165e-04
1.705369e+02	1.457118e-02	-5.704609e-03	2.448617e-04
1.714434e+02	1.340453e-02	8.538770e-03	2.525920e-04
1.723499e+02	1.540283e-03	1.642317e-02	2.720928e-04
1.732563e+02	-1.223761e-02	1.217793e-02	2.980611e-04
1.741628e+02	-1.789065e-02	-1.464276e-03	3.222193e-04
1.750693e+02	-1.079429e-02	-1.487452e-02	3.377680e-04
1.759758e+02	4.463981e-03	-1.789284e-02	3.400808e-04
1.768823e+02	1.649383e-02	-7.499648e-03	3.282913e-04
1.777888e+02	1.526295e-02	8.683439e-03	3.083599e-04
1.786953e+02	1.124902e-03	1.711425e-02	2.941629e-04
1.796018e+02	-1.402571e-02	1.004938e-02	2.977105e-04
1.805082e+02	-1.664602e-02	-6.886093e-03	3.245083e-04
1.814147e+02	-3.634185e-03	-1.894596e-02	3.721567e-04
1.823212e+02	1.436351e-02	-1.497058e-02	4.304288e-04
1.832277e+02	2.184866e-02	2.577507e-03	4.840075e-04
1.841342e+02	1.186553e-02	1.943828e-02	5.186375e-04
1.850407e+02	-7.885723e-03	2.147907e-02	5.235350e-04
1.859472e+02	-2.115058e-02	6.791104e-03	4.934663e-04
1.868536e+02	-1.684851e-02	-1.214182e-02	4.312961e-04
1.877601e+02	8.435863e-04	-1.871724e-02	3.510466e-04
1.886666e+02	1.515389e-02	-7.312319e-03	2.831103e-04
1.895731e+02	1.228737e-02	1.031417e-02	2.573614e-04
1.904796e+02	-4.568214e-03	1.618499e-02	2.828225e-04
1.913861e+02	-1.814976e-02	3.959963e-03	3.450950e-04
1.922926e+02	-1.419888e-02	-1.445673e-02	4.106054e-04
1.931991e+02	3.933697e-03	-2.058863e-02	4.393658e-04
1.941055e+02	1.866221e-02	-8.532178e-03	4.210763e-04
1.950120e+02	1.659152e-02	9.825094e-03	3.718110e-04
1.959185e+02	8.554796e-04	1.765059e-02	3.122751e-04
1.968250e+02	-1.327169e-02	9.122690e-03	2.593613e-04
1.977315e+02	-1.349272e-02	-6.261960e-03	2.212655e-04
1.986380e+02	-1.413150e-03	-1.395516e-02	1.967434e-04
1.995445e+02	1.076292e-02	-8.132784e-03	1.819826e-04
2.004510e+02	1.235655e-02	4.655777e-03	1.743607e-04
2.013574e+02	2.959771e-03	1.275287e-02	1.713959e-04
2.022639e+02	-8.616759e-03	9.792717e-03	1.701458e-04
2.031704e+02	-1.290777e-02	-7.848252e-04	1.672264e-04
2.040769e+02	-7.535198e-03	-1.012004e-02	1.591944e-04
2.049834e+02	2.430238e-03	-1.175651e-02	1.441215e-04
2.058899e+02	9.530405e-03	-5.641879e-03	1.226594e-04
2.067964e+02	9.403392e-03	2.943205e-03	9.708624e-05
2.077029e+02	3.264331e-03	7.745112e-03	7.064262e-05
2.086093e+02	-3.577351e-03	5.878742e-03	4.735704e-05
2.095158e+02	-5.620035e-03	-3.099840e-04	3.168089e-05
2.104223e+02	-1.549499e-03	-4.903708e-03	2.644729e-05
2.113288e+02	4.375514e-03	-3.530750e-03	3.161132e-05
2.122353e+02	6.135372e-03	2.545952e-03	4.412466e-05
2.131418e+02	1.600366e-03	7.478564e-03	5.849009e-05
2.140483e+02	-5.303325e-03	6.336004e-03	6.827020e-05
2.149547e+02	-8.385035e-03	-8.284021e-05	7.031567e-05
2.158612e+02	-5.059536e-03	-6.277935e-03	6.501136e-05
2.167677e+02	1.628757e-03	-7.200164e-03	5.449521e-05
2.176742e+02	5.951808e-03	-2.547229e-03	4.191239e-05
2.185807e+02	4.520087e-03	3.220401e-03	3.080217e-05
2.194872e+02	-8.892001e-04	4.865172e-03	2.446057e-05
2.203937e+02	-4.867268e-03	9.863740e-04	2.466323e-05
2.213002e+02	-3.295794e-03	-4.493443e-03	3.105329e-05
2.222066e+02	2.580010e-03	-5.883141e-03	4.126780e-05
2.231131e+02	7.064372e-03	-1.259382e-03	5.149140e-05
2.240196e+02	5.409033e-03	5.312997e-03	5.748557e-05
2.249261e+02	-1.204640e-03	7.458798e-03	5.708482e-05
2.258326e+02	-6.520529e-03	3.039597e-03	5.175645e-05
2.267391e+02	-5.565249e-03	-3.598500e-03	4.392120e-05
2.276456e+02	3.943741e-04	-5.986775e-03	3.599700e-05
2.285521e+02	5.098563e-03	-2.007562e-03	3.002565e-05
2.294585e+02	3.581884e-03	3.853925e-03	2.768264e-05
2.303650e+02	-2.500134e-03	4.973966e-03	3.099100e-05
2.312715e+02	-6.379154e-03	-2.834016e-04	4.077392e-05
2.321780e+02	-3.333941e-03	-6.618409e-03	5.491850e-05
2.330845e+02	4.174266e-03	-7.160662e-03	6.869958e-05
2.339910e+02	8.694005e-03	-7.106573e-04	7.609075e-05
2.348975e+02	5.434512e-03	6.560732e-03	7.257713e-05
2.358040e+02	-2.290761e-03	7.471699e-03	6.107387e-05
2.367104e+02	-6.728827e-03	1.592196e-03	4.781220e-05
2.376169e+02	-3.939730e-03	-4.680052e-03	3.742435e-05
2.385234e+02	2.427748e-03	-5.059225e-03	3.148971e-05
2.394299e+02	5.333953e-03	1.316820e-04	2.846839e-05
2.403364e+02	2.034738e-03	4.651092e-03	2.577282e-05
2.412429e+02	-3.229285e-03	3.648381e-03	2.373896e-05
2.421494e+02	-4.636366e-03	-1.348518e-03	2.331439e-05
2.430558e+02	-9.855974e-04	-4.820665e-03	2.421022e-05
2.439623e+02	3.605504e-03	-3.406345e-03	2.460284e-05
2.448688e+02	4.608121e-03	8.276420e-04	2.191977e-05
2.457753e+02	1.994133e-03	3.402616e-03	1.555436e-05
2.466818e+02	-8.215560e-04	2.767893e-03	8.336187e-06
2.475883e+02	-1.533582e-03	8.186595e-04	3.022078e-06
2.484948e+02	-7.019042e-04	-2.489914e-04	5.546663e-07
2.494013e+02	1.200859e-04	-2.379241e-04	7.102849e-08
2.503077e+02	7.081076e-04	5.661896e-06	5.014485e-07
2.512142e+02	1.408648e-03	8.558384e-04	2.716748e-06
2.521207e+02	1.027980e-03	2.743254e-03	8.582184e-06
2.530272e+02	-1.615721e-03	3.954727e-03	1.825042e-05
2.539337e+02	-4.992820e-03	2.017138e-03	2.899710e-05
2.548402e+02	-5.356793e-03	-2.717753e-03	3.608142e-05
2.557467e+02	-1.000057e-03	-5.916604e-03	3.600632e-05
2.566532e+02	4.260602e-03	-3.666120e-03	3.159316e-05
2.575596e+02	4.837037e-03	2.077960e-03	2.771484e-05
2.584661e+02	1.432116e-05	5.183146e-03	2.686521e-05
2.593726e+02	-4.833414e-03	2.182099e-03	2.812345e-05
2.602791e+02	-4.042078e-03	-3.447203e-03	2.822160e-05
2.611856e+02	1.510870e-03	-4.844286e-03	2.574984e-05
2.620921e+02	4.999416e-03	-1.921335e-04	2.503108e-05
2.629986e+02	2.046471e-03	5.008241e-03	2.927052e-05
2.639051e+02	-4.143712e-03	4.485260e-03	3.728790e-05
2.648115e+02	-6.443248e-03	-1.473066e-03	4.368537e-05
2.657180e+02	-2.102104e-03	-6.101688e-03	4.164944e-05
2.666245e+02	3.665177e-03	-4.176807e-03	3.087924e-05
2.675310e+02	4.199399e-03	1.456185e-03	1.975543e-05
2.684375e+02	-5.092803e-04	3.860071e-03	1.515952e-05
2.693440e+02	-4.276389e-03	3.599587e-04	1.841707e-05
2.702505e+02	-2.284515e-03	-4.439492e-03	2.492810e-05
2.711569e+02	2.987660e-03	-4.282450e-03	2.726549e-05
2.720634e+02	4.837659e-03	6.888961e-04	2.387752e-05
2.729699e+02	1.032126e-03	4.296126e-03	1.952198e-05
2.738764e+02	-3.718755e-03	2.175694e-03	1.856279e-05
2.747829e+02	-3.539179e-03	-3.105172e-03	2.216788e-05
2.756894e+02	1.593616e-03	-5.023706e-03	2.777724e-05
2.765959e+02	5.529585e-03	-8.642615e-04	3.132326e-05
2.775024e+02	3.327346e-03	4.698434e-03	3.314651e-05
2.784088e+02	-2.847175e-03	5.252830e-03	3.569863e-05
2.793153e+02	-6.321780e-03	-9.872315e-05	3.997465e-05
2.802218e+02	-3.255311e-03	-5.819207e-03	4.446022e-05
2.811283e+02	3.182619e-03	-5.947914e-03	4.550675e-05
2.820348e+02	6.310826e-03	-6.278700e-04	4.022075e-05
2.829413e+02	3.443687e-03	4.334897e-03	3.065031e-05
2.838478e+02	-1.727390e-03	4.188864e-03	2.053045e-05
2.847543e+02	-3.615584e-03	-2.235558e-05	1.307295e-05
2.856607e+02	-7.203650e-04	-3.073961e-03	9.968159e-06
2.865672e+02	3.005754e-03	-1.438231e-03	1.110307e-05
2.874737e+02	2.763839e-03	2.795314e-03	1.545258e-05
2.883802e+02	-1.539527e-03	4.414180e-03	2.185513e-05
2.892867e+02	-5.223283e-03	1.051563e-03	2.838847e-05
2.901932e+02	-3.980826e-03	-4.089491e-03	3.257091e-05
2.910997e+02	1.249775e-03	-5.530956e-03	3.215341e-05
2.920061e+02	4.914351e-03	-1.569035e-03	2.661272e-05
2.929126e+02	2.984706e-03	3.336300e-03	2.003936e-05
2.938191e+02	-2.170253e-03	3.606440e-03	1.771641e-05
2.947256e+02	-4.533696e-03	-1.035528e-03	2.162672e-05
2.956321e+02	-1.219915e-03	-5.294168e-03	2.951640e-05
2.965386e+02	4.233090e-03	-4.225190e-03	3.577128e-05
2.974451e+02	5.795628e-03	1.065129e-03	3.472381e-05
2.983516e+02	2.096528e-03	4.762564e-03	2.707744e-05
2.992580e+02	-2.415008e-03	3.367539e-03	1.717258e-05
3.001645e+02	-2.952374e-03	-7.302961e-04	9.249847e-06
3.010710e+02	3.154147e-04	-2.401750e-03	5.867891e-06
3.019775e+02	2.706073e-03	2.201459e-04	7.371297e-06
3.028840e+02	6.861508e-04	3.505072e-03	1.275633e-05
3.037905e+02	-3.655577e-03	2.764445e-03	2.100540e-05
3.046970e+02	-5.105888e-03	-1.980313e-03	2.999174e-05
3.056035e+02	-1.402355e-03	-5.862346e-03	3.633370e-05
3.065099e+02	3.939508e-03	-4.565916e-03	3.636731e-05
3.074164e+02	5.276006e-03	5.663024e-04	2.815694e-05
3.083229e+02	1.528053e-03	3.682819e-03	1.589810e-05
3.092294e+02	-2.327674e-03	1.572537e-03	7.890938e-06
3.101359e+02	-1.533665e-03	-2.535144e-03	8.779084e-06
3.110424e+02	2.805233e-03	-3.070707e-03	1.729857e-05
3.119489e+02	5.072768e-03	1.102359e-03	2.694817e-05
3.128554e+02	2.002100e-03	5.065689e-03	2.966961e-05
3.137618e+02	-2.922747e-03	3.990826e-03	2.446915e-05
3.146683e+02	-4.026642e-03	-7.097884e-04	1.671764e-05
3.155748e+02	-3.585763e-04	-3.424082e-03	1.185291e-05
3.164813e+02	3.393014e-03	-1.028050e-03	1.256943e-05
3.173878e+02	2.434171e-03	3.449925e-03	1.782718e-05
3.182943e+02	-2.378801e-03	4.296034e-03	2.411460e-05
3.192008e+02	-5.446604e-03	4.557906e-05	2.966757e-05
3.201072e+02	-3.090585e-03	-4.920937e-03	3.376734e-05
3.210137e+02	2.461899e-03	-5.409845e-03	3.532738e-05
3.219202e+02	5.636696e-03	-1.032785e-03	3.283899e-05
3.228267e+02	3.618695e-03	3.473426e-03	2.515964e-05
3.237332e+02	-5.869879e-04	3.694293e-03	1.399235e-05
3.246397e+02	-2.098105e-03	6.362370e-04	4.806841e-06
3.255462e+02	-2.962509e-05	-1.251781e-03	1.567833e-06
3.264527e+02	2.104188e-03	3.283317e-04	4.535410e-06
3.273591e+02	1.060099e-03	3.018367e-03	1.023435e-05
3.282656e+02	-2.046858e-03	3.009451e-03	1.324642e-05
3.291721e+02	-3.330803e-03	1.666049e-04	1.112201e-05
3.300786e+02	-1.487253e-03	-2.043497e-03	6.387801e-06
3.309851e+02	9.081878e-04	-1.300469e-03	2.516025e-06
3.318916e+02	8.889700e-04	9.313019e-04	1.657591e-06
3.327981e+02	-1.266850e-03	1.439359e-03	3.676663e-06
3.337046e+02	-2.462117e-03	-6.438678e-04	6.476584e-06
3.346110e+02	-8.683314e-04	-2.749085e-03	8.311465e-06
3.355175e+02	1.867434e-03	-2.294787e-03	8.753355e-06
3.364240e+02	2.797448e-03	2.968481e-04	7.913837e-06
3.373305e+02	1.073551e-03	2.223129e-03	6.094813e-06
3.382370e+02	-1.130011e-03	1.563221e-03	3.720584e-06
3.391435e+02	-1.196739e-03	-4.441576e-04	1.629461e-06
3.400500e+02	6.352537e-04	-9.443497e-04	1.295344e-06
3.409565e+02	1.659312e-03	8.675069e-04	3.505886e-06
3.418629e+02	8.466852e-05	2.770026e-03	7.680212e-06
3.427694e+02	-2.712761e-03	2.142114e-03	1.194772e-05
3.436759e+02	-3.623702e-03	-8.268972e-04	1.381498e-05
3.445824e+02	-1.522348e-03	-3.119781e-03	1.205058e-05
3.454889e+02	1.302724e-03	-2.547466e-03	8.186674e-06
3.463954e+02	2.069365e-03	-1.688851e-04	4.310794e-06
3.473019e+02	5.521526e-04	1.250409e-03	1.868395e-06
3.482083e+02	-9.900023e-04	4.524657e-04	1.184830e-06
3.491148e+02	-6.517156e-04	-1.053703e-03	1.535024e-06
3.500213e+02	8.624087e-04	-1.125336e-03	2.010129e-06
3.509278e+02	1.477517e-03	2.927484e-04	2.268757e-06
3.518343e+02	4.379303e-04	1.424237e-03	2.220234e-06
3.527408e+02	-9.412694e-04	9.704220e-04	1.827707e-06
3.536473e+02	-1.006347e-03	-3.194212e-04	1.114764e-06
3.545538e+02	8.835543e-05	-6.134853e-04	3.841709e-07
3.554602e+02	5.069065e-04	4.641574e-04	4.723964e-07
3.563667e+02	-6.787530e-04	1.235160e-03	1.986325e-06
3.572732e+02	-2.148909e-03	1.985059e-04	4.657216e-06
3.581797e+02	-1.886811e-03	-1.936603e-03	7.310485e-06
3.590862e+02	2.649668e-04	-2.870010e-03	8.307166e-06
3.599927e+02	2.122650e-03	-1.482765e-03	6.704235e-06
3.608992e+02	1.843623e-03	5.779764e-04	3.733001e-06
3.618057e+02	1.978836e-04	1.084056e-03	1.214335e-06
3.627121e+02	-5.835721e-04	-1.082154e-04	3.522670e-07
3.636186e+02	4.331143e-04	-1.046983e-03	1.283762e-06
3.645251e+02	1.755287e-03	-1.636278e-04	3.107808e-06
3.654316e+02	1.362920e-03	1.665647e-03	4.631931e-06
3.663381e+02	-6.301999e-04	2.231088e-03	5.374905e-06
3.672446e+02	-2.173076e-03	7.452613e-04	5.277675e-06
3.681511e+02	-1.678599e-03	-1.277155e-03	4.448818e-06
3.690576e+02	1.710301e-04	-1.749001e-03	3.088256e-06
3.699640e+02	1.180095e-03	-4.161580e-04	1.565812e-06
3.708705e+02	2.934333e-04	7.877620e-04	7.066721e-07
3.717770e+02	-1.081266e-03	2.207888e-04	1.217883e-06
3.726835e+02	-9.477654e-04	-1.424955e-03	2.928755e-06
3.735900e+02	7.964051e-04	-2.037842e-03	4.787060e-06
3.744965e+02	2.193966e-03	-7.197789e-04	5.331570e-06
3.754030e+02	1.664219e-03	9.775682e-04	3.725263e-06
3.763094e+02	2.116290e-04	1.111027e-03	1.279168e-06
3.772159e+02	-1.169931e-04	4.161732e-05	1.541939e-08
3.781224e+02	9.386495e-04	-2.605874e-04	9.489688e-07
3.790289e+02	1.564876e-03	1.053435e-03	3.558562e-06
3.799354e+02	3.079403e-04	2.436197e-03	6.029881e-06
3.808419e+02	-1.755081e-03	1.862646e-03	6.549757e-06
3.817484e+02	-2.287917e-03	-2.640455e-04	5.304285e-06
3.826549e+02	-7.944504e-04	-1.672269e-03	3.427634e-06
3.835613e+02	9.023153e-04	-1.045743e-03	1.907752e-06
3.844678e+02	9.393417e-04	4.993057e-04	1.131669e-06
3.853743e+02	-3.412431e-04	8.749003e-04	8.818974e-07
3.862808e+02	-9.142385e-04	-2.636833e-04	9.053609e-07
3.871873e+02	1.083321e-04	-1.156111e-03	1.348328e-06
3.880938e+02	1.419627e-03	-4.335598e-04	2.203314e-06
3.890003e+02	1.295408e-03	1.173879e-03	3.056072e-06
3.899068e+02	-2.082622e-04	1.779170e-03	3.208818e-06
3.908132e+02	-1.266421e-03	7.583404e-04	2.178902e-06
3.917197e+02	-7.481143e-04	-3.536036e-04	6.847105e-07
3.926262e+02	2.512917e-04	-9.711107e-05	7.257806e-08
3.935327e+02	9.511030e-05	9.728724e-04	9.555268e-07
3.944392e+02	-1.215618e-03	1.155513e-03	2.812937e-06
3.953457e+02	-2.053559e-03	-1.087764e-04	4.228938e-06
3.962522e+02	-1.351150e-03	-1.427956e-03	3.864666e-06
3.971587e+02	-1.086392e-04	-1.481684e-03	2.207189e-06
3.980651e+02	3.019718e-04	-7.829670e-04	7.042243e-07
3.989716e+02	-1.406312e-05	-5.999737e-04	3.601663e-07
3.998781e+02	1.063144e-04	-1.092958e-03	1.205861e-06
4.007846e+02	1.043977e-03	-1.119309e-03	2.342741e-06
4.016911e+02	1.643358e-03	-1.038710e-05	2.700733e-06
4.025976e+02	9.216920e-04	1.170880e-03	2.220475e-06
4.035041e+02	-4.241409e-04	1.115024e-03	1.423175e-06
4.044105e+02	-9.029408e-04	-1.784872e-05	8.156206e-07
4.053170e+02	-8.862879e-05	-7.747635e-04	6.081135e-07
4.062235e+02	8.020942e-04	-2.074440e-04	6.863881e-07
4.071300e+02	4.536637e-04	8.471189e-04	9.234212e-07
4.080365e+02	-7.672934e-04	8.905073e-04	1.381742e-06
4.089430e+02	-1.380057e-03	-2.830395e-04	1.984668e-06
4.098495e+02	-6.368938e-04	-1.420511e-03	2.423486e-06
4.107560e+02	6.233243e-04	-1.380765e-03	2.295046e-06
4.116624e+02	1.089542e-03	-5.298603e-04	1.467853e-06
4.125689e+02	7.816497e-04	-9.546266e-05	6.200894e-07
4.134754e+02	7.599880e-04	-2.473065e-04	6.387423e-07
4.143819e+02	1.313476e-03	-3.914451e-05	1.726752e-06
4.152884e+02	1.490678e-03	9.953606e-04	3.212864e-06
4.161949e+02	4.977195e-04	1.904294e-03	3.874059e-06
4.171014e+02	-8.596465e-04	1.458703e-03	2.866806e-06
4.180079e+02	-1.033960e-03	1.691874e-04	1.097697e-06
4.189143e+02	-3.538238e-05	-2.955460e-04	8.859932e-08
4.198208e+02	5.542464e-04	6.145205e-04	6.848245e-07
4.207273e+02	-3.574007e-04	1.573771e-03	2.604491e-06
4.216338e+02	-1.873013e-03	1.020050e-03	4.548677e-06
4.225403e+02	-2.138910e-03	-7.473652e-04	5.133491e-06
4.234468e+02	-7.964633e-04	-1.924551e-03	4.338251e-06
4.243533e+02	7.692396e-04	-1.504519e-03	2.855306e-06
4.252598e+02	1.174481e-03	-2.167080e-04	1.426369e-06
4.261662e+02	4.650414e-04	5.369401e-04	5.045682e-07
4.270727e+02	-2.212719e-04	2.931310e-04	1.348870e-07
4.279792e+02	-1.808904e-04	-2.120282e-04	7.767728e-08
4.288857e+02	2.368111e-04	-2.695069e-04	1.287135e-07
4.297922e+02	4.282416e-04	7.394930e-05	1.888594e-07
4.306987e+02	2.751167e-04	3.807651e-04	2.206712e-07
4.316052e+02	5.645005e-05	5.057319e-04	2.589514e-07
4.325116e+02	-1.711583e-04	6.666620e-04	4.737333e-07
4.334181e+02	-7.223813e-04	7.704349e-04	1.115405e-06
4.343246e+02	-1.480689e-03	2.582902e-04	2.259153e-06
4.352311e+02	-1.639816e-03	-9.864157e-04	3.662013e-06
4.361376e+02	-6.054586e-04	-2.099618e-03	4.774978e-06
4.370441e+02	1.042681e-03	-1.960368e-03	4.930226e-06
4.379506e+02	1.864806e-03	-5.619328e-04	3.793271e-06
4.388571e+02	1.240396e-03	7.188010e-04	2.055257e-06
4.397635e+02	1.138672e-04	7.929335e-04	6.417093e-07
4.406700e+02	-2.503514e-04	2.598676e-05	6.335115e-08
4.415765e+02	2.993440e-04	-4.044802e-04	2.532111e-07
4.424830e+02	8.222980e-04	2.842433e-06	6.761821e-07
4.433895e+02	6.577798e-04	5.960840e-04	7.879904e-07
4.442960e+02	1.834302e-04	7.554640e-04	6.043725e-07
4.452025e+02	-9.761666e-05	6.306502e-04	4.072487e-07
4.461090e+02	-2.512160e-04	5.843793e-04	4.046086e-07
4.470154e+02	-5.773019e-04	5.061444e-04	5.894597e-07
4.479219e+02	-8.827721e-04	3.263125e-06	7.792972e-07
4.488284e+02	-5.686002e-04	-7.214525e-04	8.437999e-07
4.497349e+02	3.123700e-04	-8.553253e-04	8.291564e-07
4.506414e+02	8.810782e-04	-1.296437e-04	7.931063e-07
4.515479e+02	4.928768e-04	6.867536e-04	7.145580e-07
4.524544e+02	-3.591004e-04	6.313381e-04	5.275409e-07
4.533608e+02	-5.022559e-04	-1.820065e-04	2.853873e-07
4.542673e+02	3.368629e-04	-5.170122e-04	3.807782e-07
4.551738e+02	1.030744e-03	3.181412e-04	1.163647e-06
4.560803e+02	4.905505e-04	1.518429e-03	2.546268e-06
4.569868e+02	-9.911353e-04	1.730946e-03	3.978522e-06
4.578933e+02	-2.067007e-03	6.477663e-04	4.692120e-06
4.587998e+02	-1.953038e-03	-6.886797e-04	4.288639e-06
4.597063e+02	-1.203152e-03	-1.403816e-03	3.418274e-06
4.606127e+02	-4.849270e-04	-1.618097e-03	2.853392e-06
4.615192e+02	1.870942e-04	-1.657657e-03	2.782829e-06
4.624257e+02	9.296871e-04	-1.370922e-03	2.743746e-06
4.633322e+02	1.306402e-03	-5.694892e-04	2.031003e-06
4.642387e+02	8.399970e-04	1.098357e-04	7.176588e-07
4.651452e+02	2.249092e-04	-1.467312e-04	7.211421e-08
4.660517e+02	5.539838e-04	-8.521648e-04	1.033083e-06
4.669582e+02	1.716638e-03	-6.971742e-04	3.432897e-06
4.678646e+02	2.333194e-03	7.205075e-04	5.962924e-06
4.687711e+02	1.448123e-03	2.171878e-03	6.814114e-06
4.696776e+02	-1.172165e-04	2.348547e-03	5.529413e-06
4.705841e+02	-1.033946e-03	1.546974e-03	3.462172e-06
4.714906e+02	-1.124261e-03	8.230046e-04	1.941299e-06
4.723971e+02	-1.088828e-03	5.492312e-04	1.487201e-06
4.733036e+02	-1.263335e-03	2.679951e-04	1.667836e-06
4.742101e+02	-1.233574e-03	-2.445512e-04	1.581509e-06
4.751165e+02	-8.981049e-04	-5.464904e-04	1.105244e-06
4.760230e+02	-7.244395e-04	-5.742233e-04	8.545451e-07
4.769295e+02	-7.851197e-04	-8.148972e-04	1.280470e-06
4.778360e+02	-5.087755e-04	-1.417915e-03	2.269337e-06
4.787425e+02	4.570762e-04	-1.710134e-03	3.133476e-06
4.796490e+02	1.440102e-03	-1.010082e-03	3.094158e-06
4.805555e+02	1.486605e-03	1.905692e-04	2.246310e-06
4.814619e+02	6.812377e-04	8.388904e-04	1.167822e-06
4.823684e+02	-6.173123e-05	5.999857e-04	3.637936e-07
4.832749e+02	-1.419649e-04	9.062263e-05	2.836649e-08
4.841814e+02	1.293148e-04	-3.021107e-05	1.763503e-08
4.850879e+02	1.883617e-04	1.325100e-04	5.303903e-08
4.859944e+02	6.241539e-05	1.806673e-04	3.653635e-08
4.869009e+02	2.829316e-05	1.096225e-04	1.281759e-08
4.878074e+02	7.572274e-05	1.433299e-04	2.627739e-08
4.887138e+02	-3.264977e-05	2.478423e-04	6.249179e-08
4.896203e+02	-2.609898e-04	1.071064e-04	7.958743e-08
4.905268e+02	-1.876367e-04	-2.775452e-04	1.122389e-07
4.914333e+02	2.965456e-04	-3.989584e-04	2.471071e-07
4.923398e+02	7.019947e-04	4.037956e-05	4.944271e-07
4.932463e+02	5.323471e-04	6.818829e-04	7.483577e-07
4.941528e+02	-7.862598e-05	9.120456e-04	8.380092e-07
4.950593e+02	-5.234343e-04	6.349446e-04	6.771381e-07
4.959657e+02	-5.972578e-04	3.351050e-04	4.690123e-07
4.968722e+02	-6.488826e-04	2.271670e-04	4.726535e-07
4.977787e+02	-8.607834e-04	2.605447e-05	7.416268e-07
4.986852e+02	-9.273128e-04	-4.698192e-04	1.080639e-06
4.995917e+02	-5.421516e-04	-9.297052e-04	1.158280e-06
5.004982e+02	3.193084e-07	-9.069698e-04	8.225944e-07
5.014047e+02	1.930654e-04	-6.267814e-04	4.301291e-07
5.023112e+02	1.434144e-04	-5.895976e-04	3.681931e-07
5.032176e+02	3.347910e-04	-7.838857e-04	7.265618e-07
5.041241e+02	8.535334e-04	-7.188316e-04	1.245238e-06
5.050306e+02	1.199474e-03	-1.812648e-04	1.471596e-06
5.059371e+02	1.043918e-03	3.775367e-04	1.232299e-06
5.068436e+02	7.418479e-04	6.046964e-04	9.159961e-07
5.077501e+02	6.159152e-04	7.408051e-04	9.281438e-07
5.086566e+02	4.539416e-04	1.089812e-03	1.393753e-06
5.095630e+02	-1.183358e-04	1.436349e-03	2.077101e-06
5.104695e+02	-9.559278e-04	1.258275e-03	2.497054e-06
5.113760e+02	-1.470954e-03	5.170633e-04	2.431060e-06
5.122825e+02	-1.408606e-03	-3.175529e-04	2.085010e-06
5.131890e+02	-9.574963e-04	-8.863893e-04	1.702485e-06
5.140955e+02	-3.643427e-04	-1.128325e-03	1.405862e-06
5.150020e+02	2.538852e-04	-1.045799e-03	1.158153e-06
5.159085e+02	7.105723e-04	-5.807324e-04	8.421631e-07
5.168149e+02	6.788275e-04	5.462673e-05	4.637909e-07
5.177214e+02	1.929865e-04	3.491182e-04	1.591273e-07
5.186279e+02	-2.269567e-04	6.706323e-05	5.600684e-08
5.195344e+02	-1.008728e-04	-4.253944e-04	1.911357e-07
5.204409e+02	4.657776e-04	-5.137623e-04	4.809005e-07
5.213474e+02	8.737903e-04	-1.140880e-05	7.636397e-07
5.222539e+02	7.066620e-04	6.620971e-04	9.377438e-07
5.231604e+02	9.096165e-05	9.835127e-04	9.755713e-07
5.240668e+02	-5.253402e-04	7.890561e-04	8.985919e-07
5.249733e+02	-8.142418e-04	3.147683e-04	7.620687e-07
5.258798e+02	-7.913465e-04	-1.231637e-04	6.413986e-07
5.267863e+02	-6.486874e-04	-4.362890e-04	6.111435e-07
5.276928e+02	-4.413180e-04	-7.164009e-04	7.079919e-07
5.285993e+02	-6.711983e-05	-9.560484e-04	9.185336e-07
5.295058e+02	4.932849e-04	-9.699693e-04	1.184170e-06
5.304123e+02	1.028250e-03	-6.037944e-04	1.421865e-06
5.313187e+02	1.249946e-03	4.004113e-05	1.563969e-06
5.322252e+02	1.075564e-03	6.952393e-04	1.640196e-06
5.331317e+02	5.835643e-04	1.173708e-03	1.718137e-06
5.340382e+02	-1.192892e-04	1.335079e-03	1.796666e-06
5.349447e+02	-8.299538e-04	1.053144e-03	1.797937e-06
5.358512e+02	-1.210470e-03	3.730828e-04	1.604428e-06
5.367577e+02	-1.023872e-03	-3.304151e-04	1.157489e-06
5.376641e+02	-5.102321e-04	-6.150982e-04	6.386826e-07
5.385706e+02	-1.409386e-04	-4.959689e-04	2.658488e-07
5.394771e+02	-6.622995e-05	-3.284330e-04	1.122546e-07
5.403836e+02	-7.516143e-05	-3.044314e-04	9.832770e-08
5.412901e+02	-3.093423e-05	-2.871880e-04	8.343390e-08
5.421966e+02	-1.055622e-04	-2.218620e-04	6.036611e-08
5.431031e+02	-2.894757e-04	-4.149771e-04	2.560021e-07
5.440096e+02	-1.375080e-04	-9.229728e-04	8.707872e-07
5.449160e+02	6.269013e-04	-1.220890e-03	1.883578e-06
5.458225e+02	1.575425e-03	-7.219226e-04	3.003136e-06
5.467290e+02	1.883105e-03	4.596831e-04	3.757393e-06
5.476355e+02	1.244551e-03	1.526113e-03	3.877930e-06
5.485420e+02	1.256860e-04	1.881477e-03	3.555753e-06
5.494485e+02	-8.681641e-04	1.515090e-03	3.049206e-06
5.503550e+02	-1.405495e-03	7.389600e-04	2.521477e-06
5.512615e+02	-1.407435e-03	-1.162690e-04	1.994393e-06
5.521679e+02	-9.257912e-04	-7.355559e-04	1.398132e-06
5.530744e+02	-2.677348e-04	-8.410129e-04	7.789845e-07
5.539809e+02	1.046793e-04	-5.452841e-04	3.082925e-07
5.548874e+02	8.483340e-05	-2.954293e-04	9.447518e-08
5.557939e+02	1.405538e-05	-3.377904e-04	1.142999e-07
5.567004e+02	2.010591e-04	-4.272900e-04	2.230015e-07
5.576069e+02	4.554514e-04	-2.031075e-04	2.486886e-07
5.585134e+02	3.663100e-04	1.852360e-04	1.684954e-07
5.594198e+02	-2.624232e-05	2.801049e-04	7.914741e-08
5.603263e+02	-2.677283e-04	-4.433476e-05	7.364402e-08
5.612328e+02	-5.579302e-05	-4.161579e-04	1.763003e-07
5.621393e+02	4.015412e-04	-4.097715e-04	3.291480e-07
5.630458e+02	6.660556e-04	-2.831649e-05	4.444319e-07
5.639523e+02	5.722491e-04	4.221752e-04	5.057010e-07
5.648588e+02	2.147502e-04	7.021295e-04	5.391035e-07
5.657652e+02	-2.477210e-04	7.140318e-04	5.712071e-07
5.666717e+02	-6.540634e-04	4.265755e-04	6.097656e-07
5.675782e+02	-7.934948e-04	-1.131015e-04	6.424260e-07
5.684847e+02	-4.874034e-04	-6.485175e-04	6.581370e-07
5.693912e+02	1.430750e-04	-8.038108e-04	6.665823e-07
5.702977e+02	6.960795e-04	-4.446074e-04	6.822024e-07
5.712042e+02	8.228676e-04	1.954223e-04	7.153010e-07
5.721107e+02	4.884814e-04	7.333703e-04	7.764461e-07
5.730171e+02	-9.006733e-05	9.397498e-04	8.912418e-07
5.739236e+02	-6.991759e-04	7.679481e-04	1.078591e-06
5.748301e+02	-1.126806e-03	2.175288e-04	1.317010e-06
5.757366e+02	-1.108765e-03	-5.561970e-04	1.538715e-06
5.766431e+02	-5.423212e-04	-1.158284e-03	1.635734e-06
5.775496e+02	2.776574e-04	-1.191852e-03	1.497605e-06
5.784561e+02	7.981267e-04	-6.809828e-04	1.100744e-06
5.793626e+02	7.893496e-04	-1.259287e-04	6.389309e-07
5.802690e+02	5.551362e-04	1.067988e-04	3.195822e-07
5.811755e+02	4.588091e-04	1.278675e-04	2.268559e-07
5.820820e+02	4.985224e-04	2.363511e-04	3.043864e-07
5.829885e+02	4.258787e-04	4.678506e-04	4.002568e-07
5.838950e+02	1.894881e-04	6.033392e-04	3.999239e-07
5.848015e+02	-4.198276e-05	5.927006e-04	3.530565e-07
5.857080e+02	-2.161934e-04	5.355471e-04	3.335503e-07
5.866145e+02	-3.865946e-04	4.524648e-04	3.541798e-07
5.875209e+02	-5.280961e-04	2.916651e-04	3.639540e-07
5.884274e+02	-5.500882e-04	1.169665e-04	3.162782e-07
5.893339e+02	-5.596315e-04	6.317557e-05	3.171786e-07
5.902404e+02	-7.558347e-04	-3.147603e-05	5.722768e-07
5.911469e+02	-9.684623e-04	-4.661526e-04	1.155217e-06
5.920534e+02	-7.555187e-04	-1.167274e-03	1.933338e-06
5.929599e+02	3.489962e-05	-1.613325e-03	2.604037e-06
5.938663e+02	9.654756e-04	-1.385884e-03	2.852818e-06
5.947728e+02	1.511628e-03	-6.714867e-04	2.735914e-06
5.956793e+02	1.589408e-03	1.273593e-04	2.542439e-06
5.965858e+02	1.329940e-03	8.243174e-04	2.448240e-06
5.974923e+02	7.834706e-04	1.345581e-03	2.424413e-06
5.983988e+02	1.191243e-05	1.506018e-03	2.268231e-06
5.993053e+02	-6.637642e-04	1.164593e-03	1.796861e-06
6.002118e+02	-9.133942e-04	6.068988e-04	1.202615e-06
6.011182e+02	-8.498431e-04	2.210431e-04	7.710933e-07
6.020247e+02	-7.921580e-04	3.647051e-05	6.288443e-07
6.029312e+02	-8.143050e-04	-1.737707e-04	6.932888e-07
6.038377e+02	-7.278322e-04	-4.638000e-04	7.448502e-07
6.047442e+02	-5.068646e-04	-6.423728e-04	6.695546e-07
6.056507e+02	-3.427086e-04	-7.310284e-04	6.518517e-07
6.065572e+02	-1.857207e-04	-9.183375e-04	8.778359e-07
6.074637e+02	2.086599e-04	-1.147009e-03	1.359169e-06
6.083701e+02	8.544823e-04	-1.083776e-03	1.904710e-06
6.092766e+02	1.381844e-03	-5.593821e-04	2.222401e-06
6.101831e+02	1.498191e-03	1.582572e-04	2.269621e-06
6.110896e+02	1.289971e-03	8.047266e-04	2.311611e-06
6.119961e+02	8.467835e-04	1.345735e-03	2.528045e-06
6.129026e+02	1.138264e-04	1.692048e-03	2.875983e-06
6.138091e+02	-8.159584e-04	1.557812e-03	3.092566e-06
6.147155e+02	-1.478516e-03	8.128638e-04	2.846756e-06
6.156220e+02	-1.471614e-03	-1.159408e-04	2.179089e-06
6.165285e+02	-9.713249e-04	-6.805861e-04	1.406670e-06
6.174350e+02	-4.510568e-04	-7.665926e-04	7.911165e-07
6.183415e+02	-1.792770e-04	-6.376163e-04	4.386949e-07
6.192480e+02	-1.024951e-04	-5.424367e-04	3.047428e-07
6.201545e+02	-1.023873e-04	-5.517505e-04	3.149118e-07
6.210610e+02	-4.917841e-05	-7.364588e-04	5.447901e-07
6.219674e+02	3.014073e-04	-9.914611e-04	1.073841e-06
6.228739e+02	9.856949e-04	-9.281389e-04	1.833036e-06
6.237804e+02	1.584088e-03	-2.534987e-04	2.573598e-06
6.246869e+02	1.531356e-03	7.696792e-04	2.937457e-06
6.255934e+02	7.795437e-04	1.458378e-03	2.734556e-06
6.264999e+02	-1.211189e-04	1.477029e-03	2.196285e-06
6.274064e+02	-7.048622e-04	1.061107e-03	1.622779e-06
6.283129e+02	-9.311643e-04	5.839592e-04	1.208075e-06
6.292193e+02	-9.743014e-04	1.852670e-04	9.835870e-07
6.301258e+02	-9.062233e-04	-1.625423e-04	8.476606e-07
6.310323e+02	-7.478472e-04	-4.318438e-04	7.457644e-07
6.319388e+02	-5.707083e-04	-6.467673e-04	7.440159e-07
6.328453e+02	-3.253816e-04	-8.767186e-04	8.745088e-07
6.337518e+02	1.092488e-04	-1.032122e-03	1.077211e-06
6.346583e+02	6.636479e-04	-8.747025e-04	1.205533e-06
6.355648e+02	9.924907e-04	-3.424710e-04	1.102324e-06
6.364712e+02	8.657848e-04	2.233486e-04	7.994679e-07
6.373777e+02	4.840951e-04	4.726671e-04	4.577623e-07
6.382842e+02	1.974085e-04	4.129308e-04	2.094820e-07
6.391907e+02	1.383700e-04	2.963240e-04	1.069542e-07
6.400972e+02	1.904891e-04	3.007082e-04	1.267115e-07
6.410037e+02	2.182165e-04	4.337992e-04	2.358002e-07
6.419102e+02	1.076293e-04	6.857540e-04	4.818426e-07
6.428166e+02	-2.976880e-04	9.121386e-04	9.206150e-07
6.437231e+02	-9.610568e-04	7.831037e-04	1.536882e-06
6.446296e+02	-1.486200e-03	8.143003e-05	2.215423e-06
6.455361e+02	-1.365712e-03	-9.431623e-04	2.754723e-06
6.464426e+02	-5.040012e-04	-1.654546e-03	2.991541e-06
6.473491e+02	6.327901e-04	-1.596184e-03	2.948226e-06
6.482556e+02	1.426775e-03	-8.153934e-04	2.700554e-06
6.491621e+02	1.504279e-03	2.435828e-04	2.322187e-06
6.500685e+02	8.943042e-04	1.032987e-03	1.866843e-06
6.509750e+02	-2.628970e-05	1.171281e-03	1.372591e-06
6.518815e+02	-6.921662e-04	6.419510e-04	8.911952e-07
6.527880e+02	-6.962417e-04	-1.085806e-04	4.965422e-07
6.536945e+02	-1.556034e-04	-4.769523e-04	2.516959e-07
6.546010e+02	3.731748e-04	-2.138664e-04	1.849983e-07
6.555075e+02	3.829133e-04	3.640071e-04	2.791237e-07
6.564140e+02	-1.368212e-04	6.738984e-04	4.728590e-07
6.573204e+02	-7.152138e-04	4.050640e-04	6.756076e-07
6.582269e+02	-8.646752e-04	-2.166946e-04	7.946197e-07
6.591334e+02	-5.385613e-04	-6.963464e-04	7.749466e-07
6.600399e+02	-1.134753e-04	-7.995273e-04	6.521205e-07
6.609464e+02	1.057311e-04	-7.787043e-04	6.175594e-07
